Symbole	vc	Pc	Tc	Tbp	Mol. weight	WP	DipM	alpha	beta 	gamma	delta	RoL	TL	Roc	Tfp
-	[m3/kg]	[Pa]	[K]	[K]	[g/mol]	[-]	[debye]	[J/(kg K)]	[J/(kg K)]	[J/(kg K)]	[J/(kg K)]	[kg/m3]	[K]	[kg/m3]	[K]
R1270	0.00430126	4600000	364.9	225.5	42.081	0.114	0.4	88.1633	5.57259	-0.00276	0.000000524	612	223	232.49	87.9
R740	0.001874941	4870000	150.8	87.3	39.948	0.001	0	521	0	0	0.000000000	1373	90	533.35	83.8
R784	0.001088305	5500000	209.4	119.9	83.8	0.005	0	248	0	0	0.000000000	2420	120	918.86	115.8
R730	0.001922966	6480000	180	121.4	30.006	0.588	0.2	978	-0.0313	0.0325	-0.000140000	1280	121	520.03	109.5
R746	0.003647372	10100000	431	294.3	46.006	0.834	0.4	527	1.05	-0.000452	0.000000006	1226	184	274.17	261.9
R732	0.002293841	5040000	154.6	90.2	31.999	0.025	0	878	-0.000115	0.000546	-0.000333000	1149	90	435.95	54.4
R764	0.001907487	7880000	430.8	263.2	64.063	0.256	1.6	372	1.05	-0.000774	0.000000207	1455	263	524.25	197.7
R748	0.001852161	5570000	261.1	181.2	47.998	0.691	0.6	428	1.67	-0.0013	0.000000354	1356	161	539.91	80.5
R702	0.031897927	1290000	33	20.3	2.016	-0.216	0	13500	4.6	-0.00685	0.000003790	71	20	31.35	14
R717	0.004256949	11350000	405.5	239.8	17.031	0.25	1.5	1600	1.4	0.001	-0.000000696	639	273	234.91	195.4
R13B1	0.001315564	3970000	340.2	215.3	148.91	0.171	0.7	147	1.45	-0.00142	0.000000501	1538	298	760.13	105.15
R13	0.001726996	3870000	302	193.2	104.459	0.198	0.5	218	1.83	-0.00151	0.000000427	1298	243	579.04	92
R12	0.001792179	4140000	385	245.2	120.914	0.204	0.5	261	1.47	-0.00125	0.000000359	1750	158	557.98	115.4
R11	0.001803914	4410000	471.2	296.9	137.368	0.189	0.5	298	1.21	-0.00103	0.000000302	1494	290	554.35	162
R10	0.001793625	4560000	556.4	349.9	153.823	0.193	0	265	1.33	-0.00148	0.000000575	1584	298	557.53	250
R14	0.001586269	3740000	227.6	145.1	88.005	0.177	0	159	2.3	-0.00185	0.000000513	1330	193	630.41	86.4
R728	0.003327344	3500000	132.9	81.7	28.01	0.066	0.1	1100	-0.459	0.000996	-0.000000454	803	81	300.54	68.1
R744	0.002133606	7380000	304.1	194.6	44.01	0.239	0	450	1.67	-0.00127	0.000000390	0	0	468.69	216.6
R22	0.001915122	4970000	369.3	232.4	86.469	0.221	1.4	200	1.87	-0.00135	0.000000354	1230	289	522.16	113
R21	0.001908215	5180000	451.6	282.1	102.923	0.21	1.3	230	1.54	-0.00117	0.000000317	1380	282	524.05	138
R20	0.002001201	5370000	536.4	334.3	119.378	0.218	1.1	201	1.59	-0.00154	0.000000558	1489	293	499.7	209.6
R23	0.001895375	4860000	299.3	191	70.013	0.26	1.6	116	2.59	-0.00197	0.000000562	1246	239	527.6	110
R32	0.002322071	5830000	351.6	221.5	52.023	0.271	2	227	2.27	-0.000931	0.000000041	0	0	430.65	137.15
R40	0.002751183	6700000	416.3	249.1	50.488	0.153	1.9	275	2.01	-0.00077	0.000000051	915	293	363.48	175.4
R41	0.003326237	5600000	315	194.7	34.033	0.187	1.8	406	2.53	-0.000609	-0.000000058	843	213	300.64	131.4
R50	0.006183527	4600000	190.4	111.6	16.043	0.011	0	1200	3.25	0.000746	-0.000000706	425	112	161.72	90.7
Methanol	0.003682699	8090000	512.6	337.7	32.042	0.556	1.7	660	2.21	0.000807	-0.000000890	791	293	271.54	175.5
R115	0.001630125	3230000	353.2	235.2	154.467	0.279	0.3	180	2.26	-0.00187	0.000000527	1260	303	613.45	167
R114	0.001718922	3260000	418.9	276.2	170.922	0.246	0.5	227	2.01	-0.00173	0.000000498	1480	277	581.76	179
R113	0.001737106	3410000	487.3	320.8	187.38	0.256	0	326	1.53	-0.00129	0.000000368	1580	289	575.67	238.2
R143a	0.002308403	3760000	346.3	225.6	84.041	0.251	2.3	68.3	3.74	-0.00309	0.000001000	0	0	433.2	161.9
R152a	0.002740327	4500000	386.7	248.2	66.051	0.256	2.3	1310	3.63	-0.00221	0.000000514	1012	247	364.92	156.2
R160	0.003084516	5270000	460.4	285.5	64.515	0.191	2	-8.57	4.04	-0.00285	0.000000860	896	293	324.2	136.8
R170	0.004931939	4880000	305.4	184.6	30.07	0.099	0	180	5.92	-0.00231	0.000000290	548	183	202.76	89.9
Ethanol	0.003627131	6140000	513.9	351.4	46.069	0.644	1.7	196	4.65	-0.00182	0.000000030	789	293	275.7	159.1
RC270	0.003873417	5490000	397.8	240.3	42.081	0.13	0	-837	9.06	-0.00685	0.000002150	563	288	258.17	145.7
R290	0.00460384	4250000	369.8	231.1	44.094	0.153	0	-95.8	6.95	-0.0036	0.000000729	582	231	217.21	85.5
C3H8O	0.003644182	5170000	536.8	370.3	60.096	0.623	1.7	41.1	5.53	-0.00309	0.000000715	804	293	274.41	146.9
RC318	0.001619774	2780000	388.5	267.2	200.028	0.356	0	0	0	0	0.000000000	1654	253	617.37	231.75
RC390	0.003742795	4990000	460	285.7	56.108	0.181	0	-896	8.95	-0.00634	0.000001870	694	293	267.18	182.4
R600	0.004387119	3800000	425.2	272.7	58.124	0.199	0	163	5.7	-0.00191	-0.000000049	579	293	227.94	134.8
R600a	0.004524887	3650000	408.2	261.4	58.124	0.183	0.1	-23.9	6.62	-0.00318	0.000000498	557	293	221	113.6
Butanol	0.003710024	4420000	563.1	390.9	74.123	0.593	1.8	44.1	5.64	-0.00302	0.000000632	810	293	269.54	183.9
RC4110	0.003707136	4510000	511.7	322.4	70.135	0.196	0	-765	7.74	-0.00432	0.000000921	745	293	269.75	179.3
R601a	0.004250074	3390000	460.4	301	72.151	0.227	0.1	-132	7.02	-0.00378	0.000000790	600	293	235.29	113.3
R601	0.004213365	3370000	469.7	309.2	72.151	0.251	0	-50.3	6.75	-0.00358	0.000000735	626	293	237.34	143.4
R7190	0.004307003	2490000	568.8	398.8	114.232	0.398	0	-53.4	6.75	-0.00367	0.000000775	703	293	232.18	216.4
R134a	0.001940617	4056000	374.21	246.65	102.03	0.326	-1	13	3.27	-0.00239	0.000000619	1408.4	243.15	515.3	165.15
R123	0.001818182	3676000	456.94	301.02	152.93	0	-1	192	1.98	-0.00124	-0.000000014	1593	243.15	550	166
R245ca	0.001890359	3860000	451.55	298.15	134.1	0	-1	37	3.39	-0.00205	0.000000000	1388	278.11	529	199.75
R500	0.002016007	4423000	378.65	239.65	99.31	0	-1	876	-2.72	0.0104	-0.000009810	0	0	496.03	114.15
R365mfc	0.002087683	3814000	474.89	313.35	148	0.199	3.9	163	5.7	-0.00191	-0.000000049	1263	293.15	479	238.15
R245fa	0.001941748	3640000	427.2	288.05	134.05	0.3724	1.549	37	3.39	-0.00205	0.000000000	1388	278.11	515	199.75
R227ea	0.001712329	2929000	374.885	257.54	170.03	0.3632	1.456	217	4.79	-0.00315	0.000000000	1388	298	584	142.15
//H2O	0.0032	22089000	647.286	373.15	18.016	0	0	2500000	-2520	4.04	-0.002160000	1000	273.15	312.5	273.15
C3H6	0.00430126	4600000	364.9	225.5	42.081	0.114	0.4	88.1633	5.57259	-0.00276	0.000000524	612	223	232.49	87.9
Ar	0.001874941	4870000	150.8	87.3	39.948	0.001	0	521	0	0	0.000000000	1373	90	533.35	83.8
Kr	0.001088305	5500000	209.4	119.9	83.8	0.005	0	248	0	0	0.000000000	2420	120	918.86	115.8
NO	0.001922966	6480000	180	121.4	30.006	0.588	0.2	978	-0.0313	0.0325	-0.000140000	1280	121	520.03	109.5
NO2	0.003647372	10100000	431	294.3	46.006	0.834	0.4	527	1.05	-0.000452	0.000000006	1226	184	274.17	261.9
O2	0.002293841	5040000	154.6	90.2	31.999	0.025	0	878	-0.000115	0.000546	-0.000333000	1149	90	435.95	54.4
SO2	0.001907487	7880000	430.8	263.2	64.063	0.256	1.6	372	1.05	-0.000774	0.000000207	1455	263	524.25	197.7
O3	0.001852161	5570000	261.1	181.2	47.998	0.691	0.6	428	1.67	-0.0013	0.000000354	1356	161	539.91	80.5
H2	0.031897927	1290000	33	20.3	2.016	-0.216	0	13500	4.6	-0.00685	0.000003790	71	20	31.35	14
NH3	0.004256949	11350000	405.5	239.8	17.031	0.25	1.5	1600	1.4	0.001	-0.000000696	639	273	234.91	195.4
CBrF3	0.001315564	3970000	340.2	215.3	148.91	0.171	0.7	147	1.45	-0.00142	0.000000501	1538	298	760.13	105.15
CClF3	0.001726996	3870000	302	193.2	104.459	0.198	0.5	218	1.83	-0.00151	0.000000427	1298	243	579.04	92
CCl2F2	0.001792179	4140000	385	245.2	120.914	0.204	0.5	261	1.47	-0.00125	0.000000359	1750	158	557.98	115.4
CCl3F	0.001803914	4410000	471.2	296.9	137.368	0.189	0.5	298	1.21	-0.00103	0.000000302	1494	290	554.35	162
CCl4	0.001793625	4560000	556.4	349.9	153.823	0.193	0	265	1.33	-0.00148	0.000000575	1584	298	557.53	250
CF4	0.001586269	3740000	227.6	145.1	88.005	0.177	0	159	2.3	-0.00185	0.000000513	1330	193	630.41	86.4
CO	0.003327344	3500000	132.9	81.7	28.01	0.066	0.1	1100	-0.459	0.000996	-0.000000454	803	81	300.54	68.1
CO2	0.002133606	7380000	304.1	194.6	44.01	0.239	0	450	1.67	-0.00127	0.000000390	0	0	468.69	216.6
CHClF2	0.001915122	4970000	369.3	232.4	86.469	0.221	1.4	200	1.87	-0.00135	0.000000354	1230	289	522.16	113
CHCl2F	0.001908215	5180000	451.6	282.1	102.923	0.21	1.3	230	1.54	-0.00117	0.000000317	1380	282	524.05	138
CHCl3	0.002001201	5370000	536.4	334.3	119.378	0.218	1.1	201	1.59	-0.00154	0.000000558	1489	293	499.7	209.6
CHF 3	0.001895375	4860000	299.3	191	70.013	0.26	1.6	116	2.59	-0.00197	0.000000562	1246	239	527.6	110
CH2F2	0.002322071	5830000	351.6	221.5	52.023	0.271	2	227	2.27	-0.000931	0.000000041	0	0	430.65	137.15
CH3Cl	0.002751183	6700000	416.3	249.1	50.488	0.153	1.9	275	2.01	-0.00077	0.000000051	915	293	363.48	175.4
CH3F	0.003326237	5600000	315	194.7	34.033	0.187	1.8	406	2.53	-0.000609	-0.000000058	843	213	300.64	131.4
CH4	0.006183527	4600000	190.4	111.6	16.043	0.011	0	1200	3.25	0.000746	-0.000000706	425	112	161.72	90.7
CH3OH	0.003682699	8090000	512.6	337.7	32.042	0.556	1.7	660	2.21	0.000807	-0.000000890	791	293	271.54	175.5
C2ClF5	0.001630125	3230000	353.2	235.2	154.467	0.279	0.3	180	2.26	-0.00187	0.000000527	1260	303	613.45	167
C2Cl2F4	0.001718922	3260000	418.9	276.2	170.922	0.246	0.5	227	2.01	-0.00173	0.000000498	1480	277	581.76	179
C2Cl3F3	0.001737106	3410000	487.3	320.8	187.38	0.256	0	326	1.53	-0.00129	0.000000368	1580	289	575.67	238.2
C2H3F3	0.002308403	3760000	346.3	225.6	84.041	0.251	2.3	68.3	3.74	-0.00309	0.000001000	0	0	433.2	161.9
C2H4F2	0.002740327	4500000	386.7	248.2	66.051	0.256	2.3	1310	3.63	-0.00221	0.000000514	1012	247	364.92	156.2
C2H5Cl	0.003084516	5270000	460.4	285.5	64.515	0.191	2	-8.57	4.04	-0.00285	0.000000860	896	293	324.2	136.8
C2H6	0.004931939	4880000	305.4	184.6	30.07	0.099	0	180	5.92	-0.00231	0.000000290	548	183	202.76	89.9
C2H60	0.003627131	6140000	513.9	351.4	46.069	0.644	1.7	196	4.65	-0.00182	0.000000030	789	293	275.7	159.1
C3H6	0.003873417	5490000	397.8	240.3	42.081	0.13	0	-837	9.06	-0.00685	0.000002150	563	288	258.17	145.7
C3H8	0.00460384	4250000	369.8	231.1	44.094	0.153	0	-95.8	6.95	-0.0036	0.000000729	582	231	217.21	85.5
C3H8O	0.003644182	5170000	536.8	370.3	60.096	0.623	1.7	41.1	5.53	-0.00309	0.000000715	804	293	274.41	146.9
C4F8	0.001619774	2780000	388.5	267.2	200.028	0.356	0	0	0	0	0.000000000	1654	253	617.37	231.75
C4H8	0.003742795	4990000	460	285.7	56.108	0.181	0	-896	8.95	-0.00634	0.000001870	694	293	267.18	182.4
C4H10	0.004387119	3800000	425.2	272.7	58.124	0.199	0	163	5.7	-0.00191	-0.000000049	579	293	227.94	134.8
C4H10	0.004524887	3650000	408.2	261.4	58.124	0.183	0.1	-23.9	6.62	-0.00318	0.000000498	557	293	221	113.6
C4H10O	0.003710024	4420000	563.1	390.9	74.123	0.593	1.8	44.1	5.64	-0.00302	0.000000632	810	293	269.54	183.9
C5H10	0.003707136	4510000	511.7	322.4	70.135	0.196	0	-765	7.74	-0.00432	0.000000921	745	293	269.75	179.3
C5H12	0.004250074	3390000	460.4	301	72.151	0.227	0.1	-132	7.02	-0.00378	0.000000790	600	293	235.29	113.3
C5H12	0.004213365	3370000	469.7	309.2	72.151	0.251	0	-50.3	6.75	-0.00358	0.000000735	626	293	237.34	143.4
C8H18	0.004307003	2490000	568.8	398.8	114.232	0.398	0	-53.4	6.75	-0.00367	0.000000775	703	293	232.18	216.4
C2H2F4	0.001940617	4056000	374.21	246.65	102.03	0.326	-1	13	3.27	-0.00239	0.000000619	1408.4	243.15	515.3	165.15
C2HCl2F3	0.001818182	3676000	456.94	301.02	152.93	0	-1	192	1.98	-0.00124	-0.000000014	1593	243.15	550	166
CF3CH2CF2CH3	0.002087683	3814000	474.89	313.35	148	0.199	3.9	163	5.7	-0.00191	-0.000000049	1263	293.15	479	238.15
H2O	0.0031545741	22089000	647.286	373.15	18.016	0	0	2500000	-2520	4.04	-0.002160000	1000	273.15	312.5	273.15