Mois	temp
1	275.07
1	275.06
1	274.78
1	274.45
1	274.18
1	274.06
1	274.29
1	274.31
1	274.41
1	274.98
1	275.89
1	276.79
1	277.21
1	277.54
1	277.37
1	277.08
1	276.71
1	276.23
1	275.82
1	275.64
1	275.58
1	275.32
1	274.98
1	274.64
1	274.56
1	274.40
1	274.25
1	274.38
1	274.36
1	274.43
1	274.50
1	274.33
1	274.88
1	275.64
1	276.88
1	277.44
1	277.90
1	278.45
1	278.24
1	277.84
1	277.44
1	277.01
1	277.05
1	276.81
1	276.50
1	275.95
1	275.58
1	275.46
1	275.40
1	275.28
1	275.25
1	275.09
1	274.99
1	274.88
1	274.78
1	274.60
1	274.68
1	275.89
1	277.05
1	278.31
1	278.41
1	278.25
1	278.44
1	278.50
1	277.85
1	277.40
1	277.33
1	277.08
1	277.18
1	277.11
1	276.76
1	276.33
1	276.45
1	276.61
1	276.48
1	276.29
1	276.74
1	276.84
1	276.38
1	276.58
1	276.84
1	277.21
1	277.96
1	278.49
1	278.91
1	279.48
1	279.50
1	279.16
1	278.58
1	278.03
1	277.71
1	277.54
1	277.24
1	276.91
1	276.88
1	276.79
1	276.56
1	276.28
1	276.19
1	276.29
1	276.18
1	276.06
1	275.73
1	275.69
1	275.74
1	276.09
1	276.93
1	277.88
1	278.36
1	278.73
1	278.88
1	278.48
1	277.79
1	277.31
1	276.89
1	276.61
1	276.28
1	275.85
1	275.41
1	275.06
1	274.86
1	274.56
1	274.39
1	274.08
1	273.71
1	273.49
1	273.38
1	273.03
1	273.11
1	274.04
1	275.34
1	276.30
1	276.96
1	277.39
1	277.46
1	276.93
1	276.15
1	275.56
1	275.19
1	274.91
1	274.56
1	274.40
1	274.21
1	274.11
1	274.15
1	273.99
1	273.94
1	274.04
1	273.73
1	273.43
1	273.33
1	273.28
1	273.38
1	274.19
1	275.16
1	276.06
1	276.64
1	277.18
1	277.84
1	277.61
1	277.45
1	277.24
1	276.95
1	276.73
1	276.54
1	276.36
1	276.28
1	276.15
1	276.06
1	276.06
1	276.25
1	276.26
1	276.18
1	276.39
1	276.46
1	276.30
1	276.30
1	276.80
1	277.39
1	278.04
1	278.78
1	278.96
1	278.85
1	278.41
1	277.90
1	277.50
1	277.09
1	276.58
1	276.36
1	276.01
1	275.88
1	275.68
1	275.71
1	275.44
1	275.33
1	275.26
1	274.95
1	274.59
1	274.53
1	274.54
1	275.09
1	275.91
1	276.79
1	277.84
1	278.60
1	279.03
1	278.93
1	278.48
1	278.09
1	277.60
1	277.66
1	277.70
1	277.23
1	277.00
1	276.83
1	276.51
1	276.43
1	276.49
1	276.64
1	276.55
1	276.49
1	276.33
1	276.15
1	276.15
1	276.15
1	276.60
1	277.43
1	278.33
1	278.83
1	279.29
1	279.43
1	279.19
1	278.81
1	278.38
1	278.01
1	277.25
1	276.83
1	276.51
1	276.38
1	276.19
1	276.05
1	275.98
1	275.73
1	275.59
1	275.33
1	275.20
1	275.05
1	275.20
1	275.31
1	275.81
1	276.64
1	277.39
1	277.95
1	278.20
1	277.98
1	277.60
1	277.36
1	277.00
1	276.98
1	276.41
1	276.26
1	276.14
1	275.98
1	275.86
1	275.63
1	275.45
1	275.18
1	274.93
1	274.85
1	274.81
1	274.68
1	274.68
1	274.69
1	275.23
1	275.98
1	276.76
1	277.50
1	278.16
1	278.16
1	277.90
1	277.33
1	277.04
1	276.53
1	275.99
1	276.01
1	275.95
1	276.10
1	275.76
1	275.36
1	275.11
1	274.69
1	274.58
1	274.36
1	274.19
1	274.28
1	274.80
1	274.73
1	275.30
1	276.13
1	276.83
1	277.54
1	277.84
1	277.85
1	277.70
1	277.20
1	277.11
1	276.66
1	276.23
1	276.09
1	275.88
1	275.59
1	275.40
1	275.35
1	275.03
1	275.04
1	274.81
1	274.93
1	274.80
1	274.73
1	274.36
1	274.34
1	274.60
1	275.00
1	275.43
1	275.68
1	275.90
1	275.94
1	275.79
1	275.45
1	275.18
1	274.89
1	274.68
1	274.28
1	274.10
1	273.91
1	273.54
1	272.99
1	272.84
1	272.81
1	272.55
1	272.36
1	272.13
1	271.88
1	271.64
1	271.81
1	272.56
1	273.48
1	274.30
1	275.29
1	275.81
1	276.24
1	276.48
1	276.01
1	275.23
1	274.76
1	274.60
1	274.00
1	273.50
1	273.14
1	272.80
1	272.63
1	272.55
1	272.31
1	272.10
1	271.83
1	271.60
1	271.76
1	271.65
1	271.84
1	272.89
1	273.98
1	275.16
1	275.98
1	276.23
1	276.56
1	276.19
1	275.60
1	275.05
1	274.56
1	274.15
1	273.75
1	273.70
1	273.43
1	273.13
1	273.01
1	272.89
1	272.63
1	272.56
1	272.51
1	272.39
1	272.36
1	272.30
1	272.44
1	273.05
1	273.46
1	273.93
1	274.21
1	274.23
1	274.28
1	274.11
1	273.75
1	273.46
1	272.99
1	272.61
1	272.29
1	271.91
1	271.41
1	271.18
1	270.95
1	270.89
1	270.46
1	270.14
1	269.83
1	269.53
1	269.24
1	269.01
1	269.28
1	270.18
1	271.49
1	272.70
1	273.53
1	273.89
1	273.94
1	273.60
1	273.01
1	272.64
1	272.29
1	272.25
1	272.11
1	272.28
1	272.26
1	272.25
1	272.19
1	272.01
1	271.89
1	272.06
1	272.15
1	272.23
1	272.09
1	272.21
1	272.51
1	273.09
1	273.83
1	274.79
1	275.38
1	275.69
1	275.63
1	275.46
1	274.98
1	274.56
1	274.26
1	274.06
1	274.14
1	274.13
1	273.94
1	273.60
1	273.49
1	273.44
1	273.40
1	273.40
1	273.36
1	273.33
1	273.30
1	273.18
1	273.16
1	273.54
1	273.95
1	274.66
1	275.13
1	275.56
1	275.41
1	274.90
1	274.63
1	274.59
1	274.59
1	274.73
1	274.74
1	274.74
1	274.71
1	274.64
1	274.60
1	274.50
1	274.28
1	274.00
1	273.99
1	273.88
1	273.76
1	273.56
1	273.83
1	274.08
1	274.36
1	274.63
1	275.29
1	275.85
1	276.18
1	275.93
1	275.60
1	275.35
1	275.06
1	274.89
1	274.75
1	274.54
1	274.38
1	274.61
1	274.61
1	274.56
1	274.53
1	274.50
1	274.30
1	273.98
1	273.84
1	273.80
1	273.74
1	274.10
1	274.73
1	275.65
1	276.43
1	276.98
1	277.10
1	276.83
1	276.13
1	275.29
1	274.71
1	274.30
1	273.90
1	273.69
1	273.66
1	273.63
1	273.41
1	273.38
1	273.54
1	273.40
1	273.40
1	273.18
1	273.03
1	272.90
1	273.14
1	274.14
1	275.20
1	276.18
1	276.96
1	277.11
1	277.29
1	276.90
1	276.11
1	275.23
1	274.56
1	274.13
1	273.98
1	273.54
1	273.25
1	273.05
1	272.74
1	272.48
1	272.33
1	272.38
1	272.23
1	271.96
1	271.85
1	271.76
1	271.89
1	272.50
1	273.35
1	274.40
1	275.16
1	275.55
1	275.73
1	275.54
1	275.10
1	274.48
1	273.84
1	273.15
1	272.76
1	272.45
1	272.50
1	272.19
1	272.09
1	272.01
1	271.91
1	271.80
1	271.53
1	271.44
1	271.59
1	271.80
1	271.93
1	272.80
1	274.00
1	274.95
1	275.58
1	276.05
1	276.24
1	276.03
1	275.39
1	274.70
1	274.00
1	273.43
1	273.06
1	273.03
1	273.00
1	273.09
1	272.91
1	272.71
1	272.48
1	272.06
1	271.95
1	272.00
1	271.75
1	272.05
1	272.21
1	272.90
1	273.91
1	274.99
1	275.89
1	276.53
1	277.09
1	276.93
1	276.35
1	275.75
1	275.38
1	275.01
1	274.61
1	274.33
1	274.21
1	274.41
1	274.45
1	274.23
1	274.23
1	274.23
1	274.14
1	273.85
1	273.88
1	273.88
1	274.10
1	274.70
1	275.95
1	277.31
1	278.03
1	278.69
1	278.83
1	278.43
1	277.64
1	277.06
1	276.89
1	276.50
1	276.05
1	275.78
1	275.28
1	275.11
1	274.91
1	274.55
1	274.24
1	274.10
1	273.89
1	273.83
1	273.85
1	273.70
1	274.08
1	275.00
1	276.19
1	277.33
1	278.29
1	278.78
1	278.95
1	278.49
1	277.61
1	276.73
1	276.21
1	275.89
1	275.63
1	275.29
1	275.14
1	275.15
1	275.01
1	274.86
1	274.91
1	274.43
1	274.28
1	274.21
1	273.99
1	274.26
1	274.69
1	275.40
1	276.54
1	277.35
1	277.89
1	278.18
1	278.38
1	278.15
1	277.43
1	276.65
1	276.06
1	275.51
1	275.25
1	274.93
1	274.71
1	274.68
1	274.68
1	274.60
1	274.28
1	274.21
1	274.18
1	274.74
1	274.81
1	274.70
1	275.39
1	276.30
1	277.04
1	277.63
1	277.79
1	278.24
1	278.56
1	278.00
1	277.70
1	277.40
1	276.91
1	276.88
1	276.61
1	276.39
1	276.31
1	276.04
1	275.64
1	275.51
1	275.31
1	275.26
1	275.18
1	275.08
1	275.10
1	274.73
1	275.06
1	276.09
1	276.85
1	277.51
1	277.99
1	278.29
1	278.53
1	278.40
1	278.18
1	278.00
1	277.84
1	277.73
1	277.60
1	277.60
1	277.38
1	277.15
2	276.86
2	276.64
2	276.46
2	276.48
2	276.20
2	276.08
2	275.93
2	275.98
2	276.03
2	276.95
2	277.66
2	278.51
2	278.75
2	278.79
2	278.58
2	278.28
2	277.95
2	277.44
2	276.88
2	276.55
2	276.21
2	275.79
2	275.45
2	275.20
2	275.15
2	274.78
2	274.58
2	274.05
2	273.73
2	273.53
2	273.10
2	273.01
2	273.19
2	273.63
2	274.44
2	275.28
2	275.94
2	276.38
2	276.43
2	276.31
2	275.86
2	275.28
2	274.78
2	274.43
2	274.19
2	273.99
2	273.76
2	273.74
2	273.59
2	273.40
2	273.30
2	273.05
2	273.05
2	272.88
2	272.69
2	272.58
2	272.60
2	272.91
2	273.73
2	274.41
2	274.66
2	274.60
2	274.76
2	274.40
2	274.10
2	273.56
2	273.10
2	272.93
2	272.84
2	272.65
2	272.54
2	272.26
2	272.16
2	272.05
2	271.74
2	271.48
2	271.44
2	271.50
2	271.41
2	271.36
2	271.71
2	272.05
2	272.64
2	273.26
2	273.73
2	274.45
2	274.90
2	274.81
2	274.70
2	274.34
2	273.96
2	273.79
2	273.59
2	273.30
2	273.00
2	272.61
2	272.09
2	271.94
2	271.70
2	271.46
2	271.35
2	271.11
2	271.24
2	271.05
2	271.28
2	271.94
2	272.71
2	273.40
2	274.04
2	274.43
2	274.63
2	274.33
2	273.85
2	273.11
2	272.90
2	272.60
2	272.08
2	271.69
2	271.30
2	271.00
2	270.78
2	270.59
2	270.46
2	270.39
2	270.51
2	270.36
2	270.36
2	270.25
2	270.55
2	271.05
2	271.94
2	272.98
2	273.70
2	274.08
2	274.44
2	274.28
2	273.75
2	273.09
2	272.60
2	272.16
2	271.61
2	271.46
2	271.20
2	271.00
2	270.81
2	270.84
2	270.51
2	270.71
2	270.76
2	270.51
2	270.49
2	270.78
2	271.04
2	271.61
2	272.39
2	272.85
2	273.09
2	273.43
2	273.71
2	273.83
2	273.56
2	273.38
2	273.06
2	273.13
2	273.11
2	273.08
2	272.85
2	272.68
2	272.35
2	271.89
2	271.78
2	271.78
2	271.65
2	271.33
2	271.36
2	271.40
2	271.79
2	272.73
2	273.85
2	274.39
2	275.14
2	275.80
2	275.78
2	275.74
2	275.21
2	274.50
2	273.93
2	273.63
2	273.21
2	273.13
2	272.61
2	272.30
2	272.83
2	273.24
2	273.35
2	273.56
2	273.54
2	273.49
2	273.30
2	273.31
2	273.33
2	273.78
2	274.53
2	275.16
2	275.79
2	275.91
2	276.30
2	276.39
2	275.89
2	275.39
2	274.49
2	273.93
2	273.33
2	272.63
2	272.01
2	271.99
2	271.91
2	271.63
2	271.38
2	271.26
2	271.15
2	270.96
2	271.04
2	271.01
2	271.68
2	272.70
2	273.73
2	274.64
2	275.16
2	275.58
2	275.51
2	275.25
2	274.63
2	274.10
2	273.64
2	273.18
2	272.86
2	272.66
2	272.29
2	271.98
2	271.88
2	271.69
2	271.46
2	271.46
2	271.46
2	271.33
2	271.33
2	271.14
2	271.78
2	272.68
2	273.81
2	274.79
2	275.51
2	275.80
2	275.90
2	275.61
2	275.19
2	274.38
2	273.80
2	273.19
2	272.99
2	272.70
2	272.56
2	272.48
2	272.30
2	272.20
2	272.23
2	272.26
2	272.09
2	271.96
2	271.35
2	271.06
2	271.61
2	272.59
2	273.91
2	274.86
2	275.70
2	276.06
2	276.26
2	275.99
2	275.36
2	274.59
2	273.79
2	273.20
2	272.74
2	272.45
2	272.14
2	271.96
2	271.65
2	271.18
2	270.89
2	270.79
2	270.61
2	270.48
2	270.24
2	270.03
2	270.45
2	271.69
2	273.01
2	274.09
2	275.23
2	275.94
2	276.53
2	276.14
2	275.98
2	275.40
2	274.60
2	274.35
2	273.84
2	273.49
2	273.49
2	273.25
2	272.79
2	272.73
2	272.53
2	272.16
2	271.91
2	271.70
2	271.55
2	271.64
2	272.03
2	272.90
2	274.39
2	275.63
2	276.61
2	277.60
2	277.96
2	277.93
2	277.70
2	276.91
2	276.24
2	275.49
2	274.93
2	274.53
2	274.21
2	273.85
2	273.59
2	273.53
2	273.43
2	273.46
2	273.49
2	273.43
2	273.64
2	273.93
2	274.40
2	275.56
2	277.15
2	278.50
2	279.45
2	280.23
2	280.16
2	279.91
2	279.39
2	278.66
2	277.90
2	277.14
2	276.60
2	276.06
2	275.76
2	275.53
2	275.53
2	275.28
2	275.13
2	274.99
2	274.74
2	274.33
2	274.26
2	274.24
2	274.46
2	275.61
2	276.91
2	278.01
2	278.71
2	279.08
2	279.35
2	279.49
2	278.75
2	278.10
2	277.41
2	276.54
2	275.96
2	275.45
2	275.00
2	274.85
2	274.53
2	274.40
2	273.91
2	273.76
2	273.61
2	273.38
2	273.10
2	273.08
2	273.50
2	274.79
2	276.19
2	277.73
2	278.64
2	279.09
2	279.46
2	279.24
2	278.81
2	277.96
2	277.16
2	276.23
2	275.43
2	274.81
2	274.19
2	273.71
2	273.30
2	272.95
2	272.65
2	272.39
2	272.29
2	271.96
2	271.83
2	271.69
2	272.28
2	273.64
2	275.16
2	276.63
2	277.79
2	278.40
2	278.85
2	278.95
2	278.50
2	277.59
2	276.51
2	275.68
2	275.19
2	274.74
2	274.48
2	274.29
2	274.30
2	274.28
2	274.01
2	273.90
2	273.74
2	273.58
2	273.29
2	273.24
2	274.04
2	275.30
2	276.70
2	277.89
2	278.56
2	279.14
2	279.93
2	280.14
2	279.69
2	278.56
2	277.34
2	276.38
2	275.58
2	274.94
2	274.60
2	274.36
2	273.83
2	273.80
2	273.58
2	273.66
2	273.49
2	273.50
2	273.19
2	273.25
2	274.28
2	276.14
2	277.89
2	279.11
2	279.65
2	280.13
2	280.36
2	280.41
2	280.05
2	279.11
2	278.23
2	277.59
2	277.46
2	277.30
2	277.01
2	276.68
2	276.30
2	276.15
2	275.75
2	275.45
2	275.54
2	275.58
2	275.38
2	275.39
2	275.91
2	276.83
2	277.70
2	278.28
2	278.79
2	279.21
2	279.40
2	279.54
2	279.20
2	278.59
2	277.85
2	277.08
2	276.48
2	276.06
2	275.58
2	275.33
2	275.03
2	274.76
2	274.84
2	274.93
2	275.01
2	274.85
2	274.65
2	274.68
2	275.31
2	276.73
2	277.89
2	278.88
2	279.35
2	279.48
2	279.55
2	279.21
2	278.66
2	278.06
2	277.29
2	276.44
2	275.95
2	275.78
2	275.45
2	275.04
2	274.64
2	274.60
2	274.41
2	274.30
2	274.34
2	274.18
2	274.38
2	274.46
2	275.28
2	276.60
2	277.63
2	278.38
2	278.94
2	279.39
2	279.74
2	279.61
2	278.93
2	278.00
2	277.31
2	277.10
2	276.79
2	276.08
2	275.56
2	275.09
2	274.69
2	274.20
2	273.65
2	273.18
2	272.83
2	272.38
2	272.20
2	272.34
2	273.21
2	274.81
2	276.03
2	276.93
2	277.63
2	278.23
2	278.59
2	278.61
2	278.16
2	277.19
2	276.28
2	275.70
2	275.11
2	274.74
2	274.26
2	273.94
2	273.84
2	273.60
2	273.26
2	273.26
2	273.26
2	273.09
2	272.64
2	272.58
2	273.70
2	275.29
2	276.54
2	277.44
2	277.95
2	278.29
2	278.45
2	278.51
2	278.29
2	277.53
2	276.55
2	275.31
2	274.49
2	273.84
2	273.53
2	273.05
2	272.56
2	272.38
2	272.13
2	271.98
2	271.68
2	271.63
2	271.38
2	271.50
2	272.65
2	274.16
2	275.81
2	277.03
2	277.91
2	278.09
2	278.29
2	278.28
2	277.81
2	277.01
2	276.16
2	275.04
2	274.13
2	273.48
2	272.91
2	272.45
2	272.14
2	272.06
2	271.85
2	271.66
2	271.43
2	271.30
2	271.06
2	271.34
2	272.45
2	274.30
2	276.03
2	277.30
2	278.20
2	278.80
2	279.21
2	279.24
2	278.84
2	278.18
2	277.31
2	276.30
2	275.70
2	275.24
2	274.94
2	274.73
2	274.39
2	274.09
2	273.50
2	272.73
2	272.18
2	271.99
2	272.24
2	272.38
2	273.46
2	275.31
2	277.29
2	278.81
2	279.33
2	279.91
2	279.46
2	279.31
2	279.05
2	278.33
2	277.31
2	276.21
2	275.48
2	275.09
2	274.99
2	274.81
3	274.60
3	274.49
3	274.19
3	273.96
3	274.04
3	273.86
3	273.83
3	274.13
3	275.03
3	275.78
3	276.46
3	277.36
3	278.34
3	278.83
3	279.35
3	279.39
3	279.10
3	278.56
3	278.21
3	278.04
3	277.83
3	277.45
3	277.16
3	276.91
3	276.76
3	276.73
3	276.74
3	276.71
3	276.54
3	276.48
3	276.49
3	276.60
3	277.15
3	278.18
3	279.34
3	279.99
3	280.44
3	281.15
3	281.11
3	281.01
3	280.63
3	279.86
3	278.89
3	278.11
3	277.51
3	276.76
3	276.24
3	275.85
3	275.48
3	274.94
3	274.31
3	273.94
3	274.08
3	274.41
3	274.41
3	274.63
3	275.78
3	277.26
3	278.96
3	279.96
3	280.61
3	281.06
3	281.25
3	280.98
3	280.73
3	280.33
3	279.64
3	278.71
3	278.04
3	277.39
3	276.88
3	276.48
3	275.91
3	275.81
3	275.84
3	275.44
3	274.68
3	274.66
3	274.59
3	274.93
3	276.09
3	277.41
3	278.45
3	279.31
3	279.93
3	280.26
3	280.34
3	280.05
3	279.48
3	278.63
3	278.08
3	277.53
3	277.19
3	277.09
3	277.06
3	276.93
3	276.70
3	276.53
3	275.90
3	275.45
3	275.38
3	275.25
3	275.28
3	275.29
3	276.01
3	276.98
3	278.05
3	279.09
3	280.21
3	280.66
3	280.71
3	280.49
3	280.23
3	279.60
3	278.48
3	277.63
3	277.26
3	276.93
3	276.50
3	276.21
3	275.51
3	275.23
3	274.90
3	274.60
3	274.66
3	274.55
3	274.28
3	274.93
3	275.86
3	277.30
3	278.39
3	279.35
3	279.93
3	280.58
3	280.73
3	280.40
3	279.99
3	279.36
3	278.55
3	277.86
3	277.19
3	276.35
3	275.69
3	275.06
3	274.59
3	274.23
3	274.21
3	274.18
3	274.16
3	274.09
3	273.88
3	274.49
3	276.08
3	277.88
3	279.46
3	280.39
3	281.36
3	282.08
3	282.38
3	282.13
3	281.85
3	280.88
3	279.86
3	278.64
3	278.15
3	277.64
3	277.16
3	276.71
3	276.28
3	275.65
3	275.36
3	275.23
3	275.09
3	274.85
3	274.50
3	274.91
3	276.25
3	277.76
3	279.03
3	279.83
3	280.31
3	281.03
3	281.91
3	281.90
3	281.61
3	280.79
3	280.25
3	279.69
3	279.00
3	278.55
3	278.35
3	278.06
3	277.66
3	277.30
3	276.90
3	276.53
3	276.34
3	276.06
3	275.95
3	276.36
3	277.76
3	279.48
3	281.00
3	282.35
3	283.29
3	283.80
3	284.13
3	284.11
3	283.69
3	282.84
3	282.04
3	280.93
3	280.13
3	279.54
3	278.81
3	278.14
3	277.81
3	277.56
3	277.09
3	276.86
3	276.51
3	276.48
3	276.43
3	276.93
3	279.00
3	281.14
3	282.54
3	283.61
3	284.21
3	284.73
3	285.31
3	285.14
3	284.50
3	283.68
3	282.65
3	281.56
3	280.71
3	279.88
3	278.79
3	278.14
3	277.65
3	277.46
3	277.36
3	276.91
3	276.65
3	276.24
3	276.01
3	276.66
3	278.30
3	279.95
3	281.05
3	281.84
3	282.35
3	282.74
3	283.16
3	283.14
3	282.46
3	281.63
3	280.53
3	279.61
3	278.70
3	278.04
3	277.40
3	276.84
3	276.18
3	275.73
3	275.39
3	275.21
3	274.95
3	274.83
3	274.90
3	275.58
3	277.58
3	279.56
3	281.14
3	282.33
3	283.13
3	283.75
3	284.00
3	283.68
3	283.23
3	282.26
3	281.43
3	280.53
3	279.79
3	279.36
3	278.89
3	278.66
3	278.21
3	277.25
3	276.66
3	276.15
3	275.79
3	275.29
3	275.11
3	275.58
3	277.28
3	279.16
3	280.44
3	281.39
3	282.24
3	282.69
3	283.01
3	283.04
3	282.73
3	281.98
3	280.85
3	279.59
3	278.65
3	277.81
3	277.18
3	276.55
3	275.99
3	275.56
3	275.33
3	274.98
3	274.61
3	274.14
3	273.89
3	274.40
3	276.44
3	278.61
3	280.18
3	281.20
3	282.05
3	282.61
3	282.83
3	282.95
3	282.76
3	281.93
3	280.93
3	279.53
3	278.63
3	277.85
3	277.08
3	276.63
3	275.95
3	275.48
3	274.99
3	274.55
3	274.46
3	274.14
3	274.33
3	275.26
3	277.29
3	279.01
3	280.68
3	281.99
3	282.93
3	283.49
3	283.83
3	283.36
3	282.73
3	281.75
3	280.90
3	279.86
3	278.98
3	278.38
3	277.78
3	277.33
3	276.81
3	276.36
3	275.99
3	275.73
3	275.79
3	275.64
3	275.51
3	276.43
3	278.29
3	280.29
3	282.16
3	283.75
3	284.69
3	285.70
3	286.21
3	286.31
3	286.08
3	285.14
3	283.90
3	282.43
3	281.13
3	280.14
3	279.59
3	278.96
3	278.45
3	278.24
3	277.64
3	277.30
3	277.23
3	277.14
3	276.96
3	278.06
3	280.51
3	282.93
3	284.26
3	285.48
3	286.26
3	286.80
3	286.95
3	286.36
3	285.16
3	284.10
3	282.80
3	281.50
3	280.80
3	280.14
3	279.71
3	278.93
3	278.61
3	278.26
3	278.01
3	277.68
3	277.33
3	276.93
3	276.76
3	277.46
3	279.14
3	280.61
3	281.36
3	281.99
3	282.33
3	282.55
3	283.00
3	283.03
3	282.63
3	281.95
3	281.00
3	280.15
3	279.39
3	278.80
3	278.43
3	277.86
3	277.50
3	277.36
3	277.01
3	276.68
3	276.46
3	276.33
3	276.29
3	276.81
3	278.49
3	280.31
3	281.31
3	282.11
3	282.85
3	283.30
3	283.65
3	283.64
3	283.16
3	282.29
3	281.09
3	279.91
3	278.96
3	278.34
3	277.90
3	277.01
3	276.44
3	275.89
3	275.56
3	275.39
3	275.08
3	275.00
3	274.86
3	275.85
3	277.89
3	279.53
3	280.76
3	282.20
3	283.25
3	283.96
3	284.43
3	284.48
3	284.19
3	283.25
3	281.85
3	280.86
3	279.83
3	279.13
3	278.59
3	277.86
3	277.36
3	277.16
3	276.65
3	276.20
3	276.38
3	276.50
3	276.59
3	277.01
3	278.68
3	280.25
3	281.33
3	282.21
3	282.64
3	283.15
3	283.46
3	283.53
3	283.18
3	282.49
3	281.40
3	280.55
3	279.81
3	279.05
3	278.38
3	277.94
3	277.50
3	276.99
3	276.60
3	276.00
3	275.49
3	275.20
3	275.16
3	275.96
3	277.63
3	279.31
3	280.61
3	281.55
3	282.50
3	283.33
3	283.78
3	283.81
3	283.61
3	282.86
3	281.86
3	280.78
3	279.61
3	278.78
3	278.15
3	277.89
3	277.53
3	277.25
3	276.91
3	276.74
3	276.43
3	276.20
3	275.86
3	276.71
3	278.30
3	280.10
3	281.43
3	282.50
3	283.73
3	284.63
3	284.88
3	285.03
3	284.81
3	284.23
3	283.09
3	281.68
3	280.50
3	279.61
3	279.04
3	278.23
3	277.53
3	277.16
3	276.66
3	276.31
3	275.96
3	275.95
3	276.00
3	276.88
3	279.13
3	280.86
3	282.08
3	283.00
3	283.48
3	284.26
3	284.81
3	284.91
3	284.54
3	283.83
3	282.79
3	281.46
3	280.11
3	279.04
3	278.39
3	277.84
3	277.63
3	277.40
3	277.01
3	276.79
3	276.46
3	276.44
3	276.46
3	277.30
3	278.81
3	280.49
3	281.58
3	282.14
3	282.29
3	282.50
3	282.48
3	282.38
3	282.09
3	281.50
3	280.84
3	280.03
3	279.34
3	278.93
3	278.59
3	278.25
3	277.70
3	277.24
3	276.78
3	276.54
3	276.26
3	276.14
3	276.01
3	276.74
3	277.93
3	279.25
3	280.50
3	281.44
3	281.89
3	282.30
3	282.58
3	282.61
3	282.44
3	281.74
3	280.74
3	279.99
3	279.31
3	278.63
3	277.81
3	277.10
3	276.61
3	276.18
3	275.76
3	275.54
3	275.16
3	275.14
3	275.54
3	277.00
3	278.60
3	279.99
3	281.13
3	282.33
3	283.34
3	284.03
3	284.36
3	284.18
3	283.79
3	283.18
3	282.04
3	280.93
3	279.75
3	279.05
3	278.46
3	278.00
3	277.54
3	277.26
3	276.84
3	276.36
3	275.90
3	275.69
3	275.93
3	277.80
3	280.59
3	282.04
3	283.16
3	284.08
3	285.05
3	285.66
3	286.06
3	286.09
3	285.90
3	285.23
3	284.50
3	283.28
3	282.24
3	281.61
3	280.91
3	279.96
3	279.53
3	279.03
3	278.71
3	278.19
3	277.93
3	277.43
3	277.58
3	278.94
3	281.28
3	282.90
3	284.01
3	284.84
3	285.09
3	285.44
3	285.60
3	285.43
3	285.25
3	284.98
3	284.28
3	283.04
3	282.01
3	281.15
3	280.48
3	279.94
3	279.55
3	278.99
3	278.83
3	278.56
3	278.15
3	278.01
3	278.34
3	279.20
3	281.03
3	283.14
3	284.61
3	285.73
3	286.84
3	287.41
3	287.56
3	287.49
3	286.79
3	286.08
3	285.03
3	283.91
3	282.48
3	281.64
3	281.19
3	280.55
3	279.79
3	279.66
3	279.20
3	278.73
3	278.34
3	278.26
3	278.29
3	279.96
3	282.26
3	284.01
3	285.26
3	285.95
3	286.45
3	287.01
3	287.31
3	287.08
3	286.78
3	285.93
3	284.93
3	283.64
3	282.26
3	281.29
3	280.80
3	280.53
4	280.05
4	279.60
4	279.19
4	278.75
4	278.34
4	278.04
4	278.00
4	279.13
4	280.64
4	281.83
4	282.60
4	283.30
4	283.76
4	284.23
4	284.46
4	284.48
4	284.33
4	283.75
4	282.88
4	281.81
4	280.89
4	280.18
4	279.53
4	278.81
4	278.29
4	278.00
4	277.53
4	277.03
4	276.86
4	276.74
4	277.11
4	278.35
4	280.33
4	281.96
4	283.38
4	284.56
4	285.78
4	286.64
4	286.80
4	286.75
4	286.50
4	285.60
4	284.64
4	283.70
4	282.60
4	281.86
4	281.33
4	281.16
4	281.11
4	280.69
4	280.23
4	280.05
4	279.59
4	279.38
4	279.45
4	280.34
4	281.78
4	283.29
4	284.80
4	285.73
4	286.35
4	286.33
4	286.33
4	286.15
4	285.76
4	284.89
4	283.71
4	282.76
4	281.99
4	281.49
4	281.09
4	280.68
4	280.35
4	279.99
4	279.75
4	279.55
4	279.53
4	279.23
4	279.43
4	280.44
4	281.95
4	282.95
4	283.54
4	284.24
4	283.99
4	284.03
4	283.79
4	283.63
4	283.45
4	283.11
4	282.58
4	281.90
4	281.10
4	280.63
4	280.25
4	279.96
4	279.63
4	279.44
4	279.08
4	278.99
4	278.99
4	278.90
4	278.99
4	279.73
4	280.41
4	281.26
4	282.06
4	282.53
4	283.10
4	283.51
4	283.78
4	283.58
4	283.31
4	282.65
4	282.00
4	281.44
4	280.61
4	279.88
4	279.38
4	278.86
4	278.49
4	278.11
4	277.81
4	277.58
4	277.43
4	277.26
4	277.48
4	278.58
4	279.84
4	281.31
4	282.39
4	283.63
4	284.63
4	285.59
4	286.14
4	286.30
4	285.96
4	285.26
4	284.10
4	282.75
4	281.74
4	280.79
4	280.11
4	279.79
4	279.26
4	278.89
4	278.53
4	278.01
4	277.91
4	277.78
4	278.28
4	279.53
4	281.10
4	282.15
4	283.13
4	284.00
4	284.90
4	285.55
4	285.95
4	286.13
4	285.86
4	284.95
4	283.84
4	282.98
4	282.05
4	281.33
4	280.58
4	280.20
4	279.60
4	279.24
4	278.94
4	278.54
4	278.15
4	277.75
4	278.03
4	279.33
4	280.81
4	281.93
4	282.99
4	283.73
4	284.36
4	285.04
4	285.38
4	285.46
4	285.38
4	284.84
4	283.79
4	282.71
4	281.53
4	280.70
4	279.96
4	279.31
4	278.86
4	278.36
4	278.20
4	278.13
4	277.73
4	277.36
4	277.73
4	279.71
4	281.80
4	283.48
4	284.91
4	285.86
4	286.61
4	287.16
4	287.60
4	287.84
4	287.86
4	287.23
4	286.09
4	284.70
4	283.34
4	282.64
4	282.18
4	281.66
4	281.08
4	280.16
4	279.56
4	279.09
4	278.84
4	278.44
4	279.03
4	281.29
4	283.79
4	286.09
4	286.74
4	287.46
4	288.04
4	288.54
4	288.56
4	288.56
4	288.13
4	287.14
4	285.93
4	284.88
4	283.95
4	283.14
4	282.35
4	281.36
4	280.55
4	279.94
4	279.35
4	279.33
4	279.23
4	279.33
4	279.71
4	281.16
4	282.94
4	284.13
4	285.34
4	286.51
4	287.06
4	287.46
4	287.51
4	287.45
4	287.16
4	286.60
4	285.45
4	284.59
4	283.75
4	282.95
4	281.99
4	281.29
4	280.66
4	280.09
4	279.81
4	279.66
4	279.21
4	278.89
4	279.26
4	281.06
4	283.25
4	285.00
4	286.13
4	287.18
4	287.88
4	288.34
4	288.69
4	288.00
4	287.66
4	287.20
4	286.19
4	284.68
4	283.61
4	282.76
4	282.06
4	281.49
4	281.08
4	280.63
4	280.33
4	280.19
4	279.70
4	279.36
4	280.18
4	281.91
4	283.66
4	284.83
4	285.76
4	286.59
4	287.44
4	288.11
4	288.19
4	288.13
4	287.84
4	286.53
4	285.48
4	284.38
4	283.11
4	281.98
4	281.15
4	280.69
4	280.10
4	279.55
4	279.05
4	278.71
4	278.51
4	278.35
4	279.35
4	281.51
4	283.63
4	285.08
4	286.14
4	286.99
4	287.66
4	288.08
4	288.34
4	288.23
4	287.93
4	287.39
4	286.30
4	284.83
4	283.64
4	282.81
4	282.19
4	281.59
4	281.26
4	280.93
4	280.23
4	280.06
4	279.88
4	279.65
4	280.21
4	282.14
4	283.95
4	285.23
4	286.15
4	286.99
4	287.68
4	287.91
4	288.10
4	288.13
4	287.88
4	287.30
4	286.18
4	285.15
4	284.29
4	283.33
4	282.75
4	282.35
4	281.96
4	281.65
4	281.33
4	281.03
4	280.71
4	280.68
4	281.38
4	282.40
4	283.86
4	285.33
4	286.33
4	286.59
4	287.05
4	287.19
4	287.21
4	287.13
4	286.48
4	285.83
4	285.08
4	284.09
4	283.33
4	282.84
4	282.49
4	282.19
4	281.46
4	281.14
4	280.61
4	279.98
4	279.61
4	279.56
4	280.38
4	282.11
4	283.48
4	284.45
4	285.40
4	286.35
4	287.21
4	287.71
4	288.10
4	288.33
4	288.11
4	287.64
4	286.66
4	285.39
4	284.23
4	283.28
4	282.78
4	282.19
4	281.45
4	280.93
4	280.60
4	280.39
4	280.11
4	279.74
4	279.99
4	281.34
4	283.00
4	284.18
4	285.25
4	285.95
4	286.64
4	287.06
4	287.23
4	286.84
4	286.13
4	285.44
4	284.44
4	283.50
4	282.36
4	281.28
4	280.65
4	280.00
4	279.35
4	278.90
4	278.58
4	278.36
4	278.10
4	277.91
4	278.46
4	279.44
4	280.64
4	281.78
4	283.21
4	284.28
4	284.79
4	285.60
4	285.75
4	285.78
4	285.76
4	285.09
4	283.66
4	282.79
4	281.76
4	280.95
4	280.43
4	279.69
4	279.03
4	278.39
4	277.69
4	277.33
4	276.91
4	276.63
4	277.43
4	279.60
4	281.75
4	283.51
4	285.08
4	286.31
4	287.34
4	287.84
4	288.00
4	288.29
4	288.03
4	287.50
4	286.49
4	285.55
4	284.14
4	283.08
4	282.19
4	281.38
4	281.04
4	280.46
4	280.30
4	279.84
4	279.39
4	279.11
4	279.78
4	281.71
4	284.06
4	285.84
4	287.08
4	288.08
4	289.11
4	289.79
4	290.13
4	289.69
4	289.31
4	288.78
4	287.83
4	286.69
4	285.13
4	284.04
4	283.36
4	282.58
4	281.68
4	281.24
4	280.76
4	280.48
4	280.39
4	280.26
4	281.04
4	283.23
4	285.75
4	287.60
4	288.51
4	289.58
4	290.36
4	290.85
4	291.04
4	290.93
4	289.78
4	288.99
4	287.80
4	286.80
4	285.71
4	284.78
4	284.29
4	283.79
4	283.29
4	282.54
4	282.10
4	281.86
4	281.46
4	281.26
4	282.19
4	283.86
4	285.16
4	286.64
4	287.95
4	288.84
4	289.76
4	290.11
4	290.05
4	289.44
4	288.93
4	287.69
4	286.49
4	285.45
4	284.43
4	283.54
4	282.76
4	281.94
4	281.21
4	280.51
4	280.09
4	279.54
4	279.06
4	278.96
4	279.98
4	282.59
4	284.54
4	286.36
4	287.71
4	288.45
4	289.23
4	289.98
4	290.06
4	289.51
4	289.04
4	288.56
4	287.66
4	286.30
4	284.80
4	283.73
4	282.91
4	282.66
4	282.28
4	282.04
4	281.76
4	281.40
4	281.48
4	281.36
4	282.45
4	284.15
4	285.80
4	286.90
4	287.73
4	288.25
4	288.20
4	288.31
4	288.69
4	288.61
4	288.58
4	287.61
4	286.46
4	285.18
4	284.31
4	283.93
4	283.64
4	283.46
4	283.00
4	282.76
4	282.53
4	282.08
4	281.99
4	282.08
4	282.75
4	283.45
4	284.31
4	285.06
4	285.81
4	286.29
4	286.71
4	287.23
4	287.16
4	286.95
4	287.05
4	286.64
4	285.79
4	284.74
4	283.64
4	282.61
4	281.76
4	281.41
4	281.05
4	280.70
4	280.36
4	279.98
4	279.86
4	279.53
4	280.10
4	281.09
4	282.35
4	283.28
4	284.06
4	284.91
4	285.56
4	286.03
4	286.16
4	285.79
4	285.50
4	284.89
4	284.05
4	283.45
4	282.59
4	281.71
4	281.00
4	280.20
4	279.76
4	279.44
4	279.23
4	279.06
4	278.71
4	278.70
4	279.13
4	280.25
4	281.58
4	282.50
4	283.39
4	284.25
4	284.44
4	284.81
4	285.29
4	285.46
4	285.25
4	284.76
4	284.10
4	283.20
4	282.64
4	282.19
4	281.81
4	280.84
4	280.19
4	279.55
4	280.13
4	279.38
4	279.34
4	278.81
4	279.61
4	281.70
4	283.23
4	284.59
4	285.66
4	286.40
4	287.01
4	287.50
4	287.63
4	287.40
4	287.39
4	287.15
4	286.36
4	285.26
4	283.88
4	282.84
4	281.75
4	281.13
4	280.44
4	280.03
4	279.76
4	279.71
4	279.51
4	279.65
4	280.83
4	282.66
4	284.11
4	285.25
4	286.31
4	287.16
4	287.68
4	287.81
4	287.39
4	287.39
4	287.08
4	286.68
4	285.88
4	284.43
4	283.23
4	282.84
4	282.65
4	282.16
5	281.78
5	281.25
5	280.95
5	280.61
5	280.45
5	280.38
5	280.61
5	281.31
5	282.15
5	282.98
5	283.91
5	284.68
5	285.38
5	285.99
5	286.06
5	285.66
5	285.90
5	285.74
5	285.26
5	284.65
5	283.95
5	283.20
5	282.70
5	282.29
5	281.91
5	281.65
5	281.46
5	281.45
5	281.29
5	281.36
5	282.34
5	283.41
5	284.21
5	285.11
5	286.04
5	286.54
5	286.83
5	287.21
5	287.34
5	287.15
5	286.44
5	285.43
5	284.91
5	284.16
5	283.35
5	282.75
5	282.34
5	282.13
5	281.85
5	281.64
5	281.55
5	281.33
5	281.28
5	281.51
5	282.31
5	283.19
5	283.90
5	284.40
5	285.00
5	285.95
5	286.13
5	286.31
5	286.25
5	286.25
5	285.98
5	285.39
5	284.81
5	284.33
5	283.78
5	283.18
5	282.66
5	282.11
5	281.65
5	281.25
5	280.98
5	280.79
5	280.70
5	281.03
5	282.14
5	283.44
5	284.50
5	285.18
5	285.76
5	286.29
5	286.89
5	287.55
5	288.03
5	288.24
5	287.43
5	286.55
5	285.65
5	284.79
5	284.05
5	283.26
5	282.64
5	282.03
5	281.38
5	280.69
5	280.29
5	279.88
5	279.53
5	279.73
5	281.38
5	283.19
5	284.75
5	285.98
5	287.14
5	288.13
5	289.06
5	289.64
5	289.89
5	289.83
5	289.26
5	288.64
5	288.09
5	286.74
5	285.59
5	284.85
5	283.94
5	283.09
5	282.51
5	282.05
5	281.73
5	281.45
5	281.09
5	281.19
5	282.36
5	284.38
5	286.16
5	287.54
5	288.10
5	288.81
5	289.31
5	289.36
5	289.43
5	289.40
5	288.91
5	288.49
5	287.48
5	286.60
5	285.51
5	284.69
5	284.09
5	283.86
5	283.56
5	283.15
5	282.58
5	282.14
5	281.58
5	281.41
5	282.69
5	284.41
5	285.90
5	287.06
5	288.01
5	288.81
5	289.33
5	289.94
5	290.21
5	290.66
5	290.39
5	289.80
5	288.91
5	287.91
5	286.63
5	285.30
5	284.41
5	283.63
5	283.28
5	282.83
5	282.18
5	281.49
5	281.08
5	281.26
5	283.16
5	285.55
5	287.33
5	288.60
5	289.58
5	290.33
5	290.53
5	290.76
5	290.40
5	289.85
5	289.53
5	288.73
5	287.95
5	286.98
5	286.49
5	286.06
5	285.81
5	285.20
5	284.89
5	284.56
5	284.48
5	284.34
5	284.24
5	284.63
5	285.35
5	286.40
5	287.48
5	288.43
5	289.04
5	289.55
5	290.21
5	290.95
5	290.91
5	290.33
5	289.66
5	289.24
5	288.55
5	287.41
5	286.59
5	285.98
5	285.10
5	284.50
5	283.99
5	283.59
5	283.11
5	282.79
5	282.48
5	282.84
5	284.25
5	285.96
5	287.78
5	288.71
5	289.90
5	290.24
5	291.04
5	291.54
5	291.93
5	292.20
5	291.91
5	291.46
5	290.41
5	289.14
5	288.20
5	287.44
5	286.54
5	286.13
5	285.64
5	285.26
5	284.94
5	284.44
5	283.91
5	284.14
5	284.96
5	286.34
5	287.63
5	288.54
5	289.15
5	289.95
5	291.24
5	291.58
5	290.73
5	290.95
5	290.64
5	290.25
5	289.38
5	287.93
5	286.93
5	285.90
5	285.50
5	285.01
5	284.64
5	284.14
5	283.89
5	283.54
5	283.40
5	283.36
5	284.26
5	285.59
5	286.69
5	287.66
5	288.25
5	288.35
5	288.41
5	288.61
5	288.28
5	288.53
5	288.03
5	287.50
5	286.89
5	286.14
5	285.06
5	284.14
5	283.70
5	283.38
5	283.16
5	283.10
5	283.11
5	283.00
5	282.75
5	282.81
5	283.28
5	284.21
5	284.81
5	285.69
5	286.26
5	287.31
5	288.08
5	288.56
5	288.14
5	288.33
5	288.11
5	287.56
5	286.95
5	285.99
5	285.36
5	284.61
5	284.11
5	283.85
5	283.34
5	282.63
5	282.19
5	281.84
5	281.50
5	281.74
5	282.98
5	284.36
5	285.91
5	286.94
5	287.78
5	288.21
5	288.65
5	288.85
5	288.79
5	289.11
5	288.94
5	288.19
5	287.09
5	285.89
5	284.53
5	283.41
5	282.61
5	282.06
5	281.68
5	281.30
5	281.06
5	280.86
5	280.56
5	280.86
5	282.09
5	283.31
5	284.33
5	284.94
5	285.29
5	285.35
5	285.78
5	285.93
5	286.14
5	285.64
5	284.94
5	284.71
5	284.10
5	283.16
5	282.63
5	282.09
5	281.59
5	281.21
5	280.78
5	280.26
5	279.79
5	279.38
5	279.18
5	279.38
5	280.79
5	282.60
5	284.01
5	285.13
5	285.71
5	286.49
5	287.31
5	287.86
5	288.11
5	288.36
5	288.19
5	287.64
5	286.65
5	285.73
5	284.69
5	283.70
5	282.84
5	282.14
5	281.49
5	281.10
5	280.61
5	280.23
5	279.98
5	280.50
5	282.09
5	283.90
5	285.40
5	286.78
5	288.03
5	288.90
5	289.56
5	290.14
5	290.44
5	290.45
5	290.19
5	289.45
5	288.49
5	287.48
5	286.28
5	285.30
5	284.59
5	283.93
5	283.51
5	282.94
5	282.50
5	281.88
5	281.23
5	281.90
5	283.58
5	285.55
5	287.13
5	288.50
5	289.68
5	290.85
5	291.61
5	292.19
5	292.73
5	292.95
5	292.73
5	292.20
5	291.08
5	289.50
5	288.20
5	287.40
5	286.88
5	286.33
5	285.84
5	284.98
5	284.35
5	283.83
5	283.33
5	283.28
5	283.99
5	285.09
5	285.78
5	286.35
5	286.81
5	287.05
5	287.11
5	287.30
5	288.14
5	287.81
5	287.41
5	286.86
5	286.18
5	285.38
5	284.61
5	284.14
5	283.58
5	282.90
5	282.35
5	281.90
5	281.54
5	281.23
5	280.98
5	281.58
5	282.90
5	284.46
5	285.68
5	286.50
5	287.31
5	288.18
5	288.44
5	288.75
5	289.31
5	289.46
5	289.48
5	289.11
5	288.13
5	287.04
5	285.90
5	285.14
5	284.46
5	283.88
5	283.20
5	282.76
5	282.45
5	282.21
5	282.06
5	282.66
5	284.18
5	285.61
5	286.91
5	288.03
5	288.85
5	289.65
5	290.33
5	290.78
5	290.89
5	291.25
5	290.81
5	290.24
5	289.60
5	288.44
5	287.13
5	286.43
5	285.76
5	285.06
5	284.69
5	284.45
5	284.05
5	283.65
5	283.30
5	283.59
5	284.98
5	286.48
5	288.04
5	289.56
5	290.44
5	291.06
5	291.48
5	291.84
5	292.09
5	291.73
5	290.65
5	289.54
5	288.71
5	287.38
5	286.60
5	285.75
5	285.04
5	284.50
5	283.96
5	283.59
5	283.21
5	282.83
5	282.69
5	282.74
5	283.60
5	285.14
5	286.65
5	287.74
5	288.65
5	289.48
5	289.94
5	290.40
5	290.44
5	289.71
5	289.38
5	289.00
5	288.43
5	287.38
5	286.40
5	285.54
5	284.93
5	284.41
5	283.83
5	283.50
5	283.33
5	282.86
5	282.41
5	282.56
5	284.00
5	286.03
5	287.65
5	288.66
5	289.68
5	290.39
5	291.21
5	291.50
5	292.13
5	292.04
5	291.63
5	290.81
5	289.99
5	288.96
5	287.95
5	286.88
5	286.20
5	285.54
5	284.93
5	284.20
5	283.56
5	283.06
5	282.69
5	283.60
5	285.46
5	287.19
5	288.78
5	290.06
5	291.08
5	291.79
5	291.90
5	292.40
5	292.31
5	291.70
5	290.96
5	290.33
5	289.30
5	288.30
5	287.38
5	286.80
5	286.09
5	285.63
5	285.08
5	284.73
5	284.20
5	283.71
5	283.34
5	283.75
5	285.06
5	286.88
5	288.35
5	288.88
5	289.73
5	290.61
5	291.34
5	291.83
5	291.96
5	291.89
5	291.61
5	291.06
5	290.31
5	289.25
5	288.16
5	287.35
5	286.64
5	286.00
5	285.54
5	284.86
5	284.35
5	283.99
5	283.61
5	284.24
5	285.99
5	287.89
5	289.28
5	290.43
5	291.49
5	292.44
5	292.78
5	293.23
5	293.64
5	293.88
5	293.44
5	292.79
5	291.89
5	290.46
5	288.96
5	287.74
5	287.13
5	286.68
5	286.13
5	285.71
5	285.20
5	284.90
5	284.69
5	285.30
5	286.85
5	288.29
5	289.26
5	290.36
5	291.31
5	291.91
5	292.38
5	292.48
5	292.49
5	292.68
5	292.26
5	291.65
5	290.76
5	289.51
5	288.09
5	287.23
5	286.61
5	286.33
5	285.80
5	285.06
5	284.88
5	284.43
5	284.35
5	284.63
5	285.96
5	287.61
5	288.90
5	290.03
5	290.73
5	291.24
5	291.58
5	291.75
5	292.41
5	292.26
5	291.03
5	290.66
5	290.11
5	288.88
5	287.60
5	286.89
5	286.33
5	285.81
5	285.26
5	284.83
5	284.51
5	284.10
5	283.78
5	284.08
5	285.76
5	287.55
5	289.14
5	290.54
5	291.36
5	292.15
5	292.76
5	293.28
5	293.01
5	292.58
5	292.38
5	291.49
5	290.45
5	289.35
5	288.48
5	287.63
5	286.83
5	286.23
5	285.88
5	285.73
5	285.43
5	284.86
5	284.75
5	284.89
5	285.88
5	287.35
5	288.76
5	290.08
5	290.96
5	291.65
5	292.10
5	292.38
5	292.39
5	292.10
5	291.96
5	291.45
5	290.45
5	289.56
5	288.70
5	287.70
5	286.88
5	286.48
6	286.15
6	285.79
6	285.44
6	285.10
6	284.93
6	285.30
6	286.48
6	288.26
6	289.75
6	290.78
6	291.68
6	292.39
6	293.14
6	293.45
6	293.69
6	293.70
6	293.46
6	292.86
6	292.08
6	290.98
6	289.80
6	288.84
6	288.24
6	287.65
6	286.95
6	286.44
6	286.05
6	285.73
6	285.78
6	286.11
6	287.40
6	288.98
6	290.50
6	291.60
6	292.45
6	293.48
6	294.33
6	294.91
6	295.00
6	294.96
6	295.19
6	294.91
6	293.95
6	292.31
6	291.09
6	290.10
6	289.41
6	288.85
6	288.40
6	287.94
6	287.39
6	286.81
6	286.56
6	286.74
6	287.84
6	289.89
6	291.33
6	292.48
6	293.34
6	294.15
6	294.08
6	293.69
6	293.85
6	293.59
6	293.24
6	291.96
6	290.69
6	289.76
6	288.94
6	288.31
6	287.86
6	287.44
6	287.10
6	286.80
6	286.36
6	286.05
6	285.84
6	286.06
6	287.09
6	288.36
6	289.51
6	290.41
6	291.19
6	291.90
6	292.30
6	293.14
6	293.43
6	293.45
6	292.69
6	292.34
6	291.69
6	290.49
6	289.76
6	288.99
6	288.38
6	287.81
6	287.25
6	286.94
6	286.74
6	286.51
6	286.20
6	286.66
6	288.01
6	289.39
6	290.58
6	291.70
6	292.79
6	293.70
6	294.25
6	294.88
6	295.13
6	295.44
6	295.20
6	294.30
6	293.36
6	292.01
6	290.78
6	289.39
6	288.19
6	287.33
6	286.80
6	286.23
6	285.81
6	285.33
6	285.10
6	286.19
6	287.79
6	288.99
6	290.13
6	291.28
6	292.20
6	292.51
6	292.96
6	293.25
6	293.85
6	294.39
6	294.69
6	294.28
6	292.53
6	290.96
6	289.99
6	289.18
6	288.68
6	287.93
6	287.63
6	287.36
6	287.18
6	286.74
6	286.66
6	287.39
6	288.80
6	290.18
6	291.46
6	292.68
6	293.79
6	294.65
6	295.38
6	296.16
6	296.41
6	296.00
6	295.56
6	294.38
6	293.11
6	291.93
6	290.83
6	289.81
6	289.11
6	288.40
6	287.83
6	287.43
6	287.05
6	286.90
6	286.60
6	287.18
6	288.59
6	290.21
6	291.63
6	292.59
6	293.33
6	294.05
6	294.71
6	295.16
6	295.33
6	295.03
6	294.40
6	293.59
6	292.61
6	291.68
6	290.38
6	289.36
6	288.58
6	288.05
6	287.83
6	287.19
6	287.05
6	286.59
6	286.38
6	286.93
6	288.44
6	289.41
6	290.41
6	291.45
6	292.15
6	292.79
6	293.26
6	293.74
6	294.19
6	293.93
6	292.95
6	292.34
6	291.60
6	290.84
6	289.95
6	289.28
6	288.65
6	288.10
6	287.46
6	287.06
6	286.73
6	286.39
6	286.31
6	286.93
6	288.29
6	289.61
6	290.86
6	291.93
6	292.60
6	293.30
6	293.79
6	294.30
6	294.59
6	294.80
6	294.65
6	293.65
6	292.23
6	291.09
6	290.16
6	289.49
6	288.91
6	288.44
6	287.93
6	287.84
6	287.44
6	287.03
6	286.73
6	287.20
6	288.40
6	289.46
6	291.06
6	292.16
6	292.40
6	292.63
6	293.93
6	294.36
6	294.64
6	294.99
6	294.95
6	294.41
6	293.64
6	292.34
6	291.21
6	290.39
6	289.41
6	288.93
6	288.41
6	288.05
6	287.69
6	287.41
6	287.30
6	287.79
6	289.03
6	290.04
6	290.95
6	291.93
6	292.74
6	293.54
6	293.98
6	294.34
6	294.69
6	294.54
6	294.28
6	293.80
6	292.35
6	291.26
6	290.48
6	289.86
6	289.25
6	288.93
6	288.48
6	288.08
6	287.75
6	287.43
6	287.14
6	287.55
6	288.63
6	289.90
6	291.08
6	291.98
6	292.65
6	293.66
6	294.20
6	294.81
6	295.16
6	295.23
6	295.10
6	294.16
6	293.09
6	291.63
6	289.96
6	288.96
6	288.34
6	287.84
6	287.34
6	286.85
6	286.39
6	285.90
6	285.84
6	286.20
6	287.05
6	288.44
6	289.69
6	290.90
6	291.95
6	292.90
6	293.51
6	293.71
6	293.55
6	293.68
6	293.18
6	292.63
6	291.80
6	290.83
6	290.10
6	289.41
6	288.83
6	288.34
6	287.94
6	287.59
6	287.09
6	286.76
6	286.78
6	287.08
6	288.33
6	289.93
6	291.26
6	292.46
6	293.64
6	294.51
6	294.94
6	295.48
6	295.85
6	295.66
6	295.26
6	293.83
6	293.05
6	292.14
6	291.11
6	290.33
6	289.63
6	289.25
6	288.69
6	288.25
6	287.88
6	287.28
6	287.20
6	287.63
6	288.89
6	290.39
6	291.54
6	292.65
6	293.65
6	294.54
6	295.21
6	295.66
6	295.99
6	295.79
6	295.41
6	294.69
6	293.95
6	292.78
6	291.54
6	290.65
6	289.81
6	289.06
6	288.63
6	287.83
6	287.25
6	286.64
6	286.48
6	287.09
6	288.70
6	289.95
6	291.41
6	292.58
6	293.61
6	294.58
6	295.40
6	296.10
6	296.44
6	296.39
6	296.31
6	295.76
6	294.26
6	292.65
6	291.70
6	290.73
6	290.05
6	289.35
6	288.76
6	288.14
6	287.69
6	287.39
6	287.31
6	287.96
6	289.75
6	291.59
6	293.04
6	294.38
6	295.29
6	296.01
6	296.73
6	297.21
6	297.26
6	296.59
6	296.35
6	295.98
6	294.58
6	293.33
6	292.25
6	291.26
6	290.61
6	289.90
6	289.03
6	288.45
6	287.75
6	287.34
6	287.05
6	287.73
6	289.46
6	291.45
6	292.84
6	294.31
6	295.48
6	296.38
6	297.06
6	297.09
6	297.19
6	297.40
6	297.15
6	296.51
6	295.98
6	294.64
6	293.48
6	292.26
6	291.34
6	290.49
6	289.41
6	288.89
6	288.51
6	288.12
6	287.97
6	288.47
6	289.47
6	291.08
6	292.61
6	293.41
6	293.95
6	294.88
6	295.75
6	296.39
6	296.66
6	296.65
6	295.69
6	295.18
6	294.39
6	293.42
6	291.98
6	290.97
6	290.24
6	289.56
6	289.11
6	288.68
6	288.31
6	288.19
6	288.08
6	288.48
6	289.68
6	291.05
6	292.45
6	293.78
6	294.92
6	295.89
6	296.73
6	297.27
6	297.68
6	297.16
6	296.67
6	295.93
6	295.08
6	293.86
6	292.61
6	291.59
6	290.88
6	290.31
6	289.84
6	289.42
6	289.06
6	288.64
6	288.19
6	288.62
6	289.88
6	291.28
6	292.71
6	293.87
6	294.82
6	295.89
6	296.86
6	297.24
6	297.64
6	296.83
6	295.85
6	295.13
6	294.31
6	293.39
6	292.29
6	291.25
6	290.32
6	289.77
6	289.36
6	288.79
6	288.38
6	288.15
6	287.96
6	288.31
6	289.65
6	291.03
6	291.86
6	292.93
6	293.74
6	294.01
6	294.46
6	295.23
6	295.61
6	295.87
6	295.78
6	295.37
6	294.39
6	293.16
6	291.95
6	290.87
6	289.82
6	289.18
6	288.57
6	288.01
6	287.68
6	287.37
6	287.05
6	287.63
6	288.94
6	290.13
6	291.28
6	292.09
6	293.03
6	293.87
6	294.64
6	295.33
6	295.62
6	295.96
6	295.75
6	295.42
6	294.46
6	293.13
6	292.08
6	290.46
6	289.42
6	288.76
6	288.22
6	287.56
6	286.91
6	286.71
6	286.55
6	286.96
6	288.33
6	290.12
6	291.62
6	292.74
6	293.86
6	294.65
6	295.24
6	295.19
6	295.42
6	295.57
6	295.54
6	295.16
6	294.24
6	293.01
6	291.77
6	290.56
6	289.74
6	288.82
6	288.16
6	287.52
6	286.84
6	286.33
6	286.02
6	286.98
6	288.97
6	290.88
6	292.51
6	293.76
6	294.81
6	295.69
6	296.27
6	296.87
6	297.27
6	297.38
6	297.26
6	296.62
6	295.41
6	294.06
6	292.64
6	291.47
6	290.66
6	290.06
6	289.49
6	288.87
6	288.31
6	288.12
6	287.63
6	288.19
6	289.86
6	291.99
6	293.46
6	294.83
6	296.03
6	297.02
6	297.81
6	298.16
6	298.57
6	298.71
6	298.36
6	297.87
6	296.85
6	295.53
6	293.85
6	292.15
6	291.09
6	290.65
6	289.91
6	289.33
6	288.58
6	287.94
6	287.57
6	288.41
6	290.58
6	292.45
6	293.91
6	294.94
6	295.74
6	296.59
6	297.31
6	297.88
6	298.24
6	298.06
6	297.83
6	296.99
6	295.85
6	294.65
6	293.44
6	292.26
6	291.42
6	290.53
6	290.01
6	289.35
6	289.13
6	288.87
6	288.63
6	288.98
6	290.21
6	291.61
6	292.49
6	293.13
6	294.07
6	295.03
6	295.54
6	296.02
6	296.55
6	296.78
6	296.52
6	295.72
6	294.57
6	293.28
6	292.53
6	291.64
6	290.75
6	290.03
6	289.64
6	289.15
6	288.49
6	287.91
6	287.54
6	288.12
6	289.96
6	291.56
6	292.94
6	294.38
6	295.38
6	296.32
6	296.94
6	297.61
6	297.93
6	297.97
6	297.92
6	297.49
6	295.95
6	294.82
6	293.51
6	292.14
6	291.35
6	290.48
7	289.72
7	289.14
7	289.07
7	288.18
7	287.63
7	288.18
7	289.97
7	291.73
7	293.18
7	294.07
7	295.17
7	296.19
7	297.03
7	297.62
7	297.85
7	297.85
7	297.64
7	297.18
7	296.11
7	294.62
7	293.08
7	292.03
7	291.33
7	290.67
7	290.12
7	289.55
7	289.12
7	288.67
7	288.22
7	288.52
7	289.77
7	290.97
7	292.06
7	292.94
7	293.54
7	294.23
7	295.04
7	295.62
7	295.59
7	295.59
7	295.56
7	295.26
7	294.53
7	293.13
7	292.27
7	291.32
7	290.53
7	290.16
7	289.72
7	289.08
7	288.77
7	288.42
7	288.08
7	288.38
7	289.33
7	290.32
7	291.37
7	292.46
7	293.49
7	294.49
7	295.34
7	296.26
7	296.96
7	297.26
7	297.25
7	296.84
7	295.95
7	294.58
7	293.09
7	291.58
7	290.59
7	289.88
7	289.15
7	288.72
7	288.22
7	287.73
7	287.46
7	288.15
7	289.93
7	291.86
7	293.49
7	294.76
7	295.97
7	296.98
7	297.86
7	298.62
7	299.24
7	299.57
7	299.56
7	299.01
7	296.87
7	295.01
7	293.46
7	292.34
7	291.38
7	290.87
7	290.51
7	290.16
7	289.79
7	289.37
7	289.06
7	289.62
7	291.32
7	293.19
7	294.71
7	296.19
7	297.09
7	297.58
7	298.26
7	298.97
7	299.46
7	299.14
7	298.82
7	298.24
7	297.39
7	296.07
7	294.69
7	293.44
7	292.57
7	291.92
7	291.25
7	290.59
7	290.12
7	289.28
7	288.76
7	289.47
7	290.82
7	292.84
7	294.17
7	295.04
7	295.88
7	297.01
7	297.43
7	297.63
7	298.11
7	298.49
7	298.19
7	296.87
7	295.99
7	294.82
7	293.77
7	292.76
7	291.82
7	291.27
7	290.83
7	290.18
7	289.79
7	289.19
7	289.03
7	289.52
7	291.01
7	293.07
7	294.95
7	296.43
7	297.59
7	298.43
7	298.92
7	299.26
7	299.07
7	299.09
7	298.53
7	298.09
7	297.35
7	296.14
7	294.76
7	293.66
7	292.59
7	291.67
7	291.02
7	290.53
7	290.18
7	289.81
7	289.57
7	289.94
7	290.68
7	292.41
7	293.63
7	294.65
7	295.62
7	296.45
7	296.79
7	297.08
7	296.94
7	296.51
7	295.96
7	295.54
7	294.83
7	293.65
7	292.69
7	291.82
7	291.12
7	290.47
7	290.12
7	289.76
7	289.35
7	288.85
7	288.56
7	288.78
7	290.07
7	291.58
7	292.83
7	293.81
7	294.68
7	295.61
7	296.44
7	296.79
7	296.32
7	296.03
7	295.83
7	295.11
7	294.26
7	293.22
7	292.14
7	291.22
7	290.28
7	289.46
7	288.78
7	288.17
7	287.58
7	287.26
7	286.92
7	287.43
7	288.98
7	290.74
7	292.37
7	293.32
7	294.02
7	294.74
7	295.72
7	296.13
7	296.38
7	296.72
7	296.43
7	295.96
7	294.74
7	293.51
7	292.72
7	291.63
7	290.56
7	290.09
7	289.51
7	288.86
7	288.68
7	288.34
7	287.99
7	288.43
7	290.04
7	291.75
7	293.24
7	294.46
7	295.24
7	295.69
7	295.88
7	296.61
7	296.86
7	296.65
7	296.37
7	295.92
7	294.95
7	293.87
7	292.65
7	291.69
7	290.77
7	290.08
7	289.35
7	288.93
7	288.38
7	287.86
7	287.65
7	288.16
7	289.79
7	291.53
7	292.95
7	293.84
7	294.93
7	295.82
7	296.31
7	296.58
7	296.72
7	296.53
7	296.26
7	295.68
7	294.75
7	293.39
7	292.35
7	291.49
7	290.82
7	290.17
7	289.45
7	289.05
7	288.68
7	288.24
7	287.98
7	288.39
7	289.56
7	291.04
7	292.23
7	293.11
7	293.75
7	294.64
7	295.11
7	295.46
7	295.75
7	295.71
7	295.22
7	294.56
7	293.49
7	292.52
7	291.61
7	290.75
7	289.89
7	289.25
7	288.83
7	288.32
7	288.05
7	287.67
7	287.42
7	287.65
7	288.92
7	290.29
7	291.71
7	292.98
7	293.98
7	294.88
7	295.32
7	295.33
7	295.55
7	295.55
7	295.38
7	294.71
7	293.57
7	292.14
7	291.19
7	290.06
7	289.36
7	288.63
7	287.95
7	287.53
7	286.88
7	286.47
7	285.98
7	286.45
7	287.97
7	289.93
7	291.33
7	292.57
7	293.49
7	294.19
7	295.07
7	295.63
7	295.64
7	295.89
7	295.42
7	295.01
7	293.68
7	292.18
7	290.86
7	289.63
7	288.67
7	287.73
7	287.03
7	286.37
7	285.77
7	285.26
7	285.15
7	285.82
7	287.97
7	290.44
7	292.29
7	293.95
7	295.18
7	296.29
7	297.31
7	298.24
7	298.67
7	298.89
7	298.88
7	298.43
7	297.27
7	295.89
7	294.18
7	292.44
7	291.42
7	290.69
7	290.15
7	289.64
7	289.26
7	288.78
7	288.54
7	289.25
7	290.64
7	292.71
7	294.34
7	295.59
7	296.73
7	297.76
7	298.45
7	298.75
7	298.98
7	298.88
7	298.46
7	297.94
7	296.86
7	295.41
7	293.74
7	292.36
7	291.04
7	290.06
7	289.36
7	288.67
7	288.41
7	287.99
7	288.08
7	288.54
7	290.16
7	292.36
7	293.92
7	295.42
7	296.54
7	297.83
7	298.75
7	299.33
7	299.93
7	300.13
7	299.92
7	299.25
7	298.04
7	296.27
7	294.68
7	293.52
7	292.37
7	291.45
7	290.65
7	290.17
7	289.95
7	289.69
7	289.58
7	290.47
7	292.03
7	293.85
7	295.62
7	296.73
7	297.81
7	298.55
7	299.08
7	299.29
7	299.76
7	299.27
7	298.72
7	297.79
7	296.76
7	295.63
7	294.48
7	293.43
7	292.68
7	291.89
7	291.45
7	290.87
7	290.37
7	289.87
7	289.71
7	289.63
7	290.92
7	292.52
7	294.04
7	295.33
7	296.65
7	297.62
7	298.24
7	298.28
7	298.17
7	297.74
7	297.18
7	296.39
7	295.29
7	293.98
7	293.21
7	292.46
7	291.92
7	291.41
7	291.13
7	290.49
7	290.14
7	289.71
7	289.26
7	289.45
7	290.54
7	291.81
7	292.89
7	293.96
7	295.15
7	295.94
7	296.51
7	297.12
7	297.12
7	296.43
7	296.45
7	296.23
7	295.42
7	294.31
7	292.96
7	292.12
7	291.48
7	291.06
7	290.59
7	290.03
7	289.61
7	289.31
7	289.03
7	289.39
7	290.69
7	292.25
7	293.56
7	294.86
7	295.76
7	296.16
7	296.83
7	297.26
7	297.13
7	296.27
7	295.98
7	295.84
7	295.13
7	294.24
7	293.18
7	292.46
7	291.98
7	291.27
7	290.71
7	290.26
7	289.88
7	289.43
7	289.26
7	289.39
7	290.34
7	291.74
7	293.21
7	294.63
7	295.54
7	296.24
7	296.78
7	297.05
7	297.11
7	297.39
7	297.35
7	297.04
7	295.93
7	294.75
7	293.77
7	292.56
7	291.55
7	290.77
7	290.36
7	289.67
7	289.24
7	289.07
7	288.94
7	289.14
7	290.31
7	291.85
7	293.21
7	294.35
7	295.61
7	296.82
7	297.85
7	298.67
7	299.35
7	299.25
7	298.75
7	298.15
7	296.88
7	294.94
7	293.58
7	292.49
7	291.51
7	290.94
7	290.32
7	289.96
7	289.58
7	289.22
7	288.99
7	289.11
7	290.36
7	291.94
7	293.61
7	295.02
7	296.25
7	297.38
7	297.94
7	298.38
7	298.66
7	298.96
7	298.43
7	297.59
7	296.43
7	295.03
7	293.72
7	292.62
7	291.66
7	290.91
7	290.09
7	289.61
7	289.04
7	288.71
7	288.29
7	288.52
7	290.05
7	292.19
7	293.82
7	295.25
7	296.45
7	297.31
7	298.05
7	298.51
7	299.04
7	299.07
7	298.73
7	297.73
7	296.01
7	294.41
7	293.01
7	292.14
7	291.62
7	291.12
7	290.88
7	290.47
7	290.12
7	289.74
7	289.45
7	289.49
7	290.72
7	292.58
7	294.27
7	295.42
7	296.86
7	297.99
7	298.72
7	299.12
7	299.04
7	298.86
7	298.63
7	298.07
7	297.16
7	295.79
7	294.88
7	294.13
7	293.21
7	292.77
7	292.23
7	291.75
7	291.67
7	291.26
7	290.66
7	290.65
7	291.63
7	292.47
7	293.73
7	294.22
7	294.65
7	294.89
7	295.15
7	295.32
7	294.65
7	293.86
7	293.92
7	293.28
7	292.63
7	291.89
7	291.29
7	290.48
7	289.98
7	289.58
7	289.31
7	288.98
7	288.61
7	288.46
7	288.23
7	288.49
7	289.09
7	290.18
7	291.34
7	292.42
7	293.35
7	293.93
7	294.24
7	294.89
7	295.41
7	295.56
7	295.73
7	295.25
7	294.34
7	293.22
7	292.24
7	291.37
7	290.61
7	290.04
7	289.53
7	289.18
7	288.57
7	288.13
7	287.96
7	288.22
7	289.49
7	291.67
7	293.53
7	294.69
7	295.54
7	296.19
7	296.69
7	297.15
7	297.36
7	297.61
7	297.07
7	296.45
7	295.53
7	293.99
7	292.64
7	291.51
7	290.85
7	290.61
7	289.77
7	289.31
7	288.99
7	288.42
7	288.15
7	288.43
7	289.62
7	291.32
7	292.88
7	294.22
7	295.39
7	296.47
7	297.19
7	297.11
7	297.63
7	297.79
7	297.59
7	297.02
7	296.05
7	294.73
7	293.34
7	292.17
7	291.29
7	290.29
8	289.56
8	289.03
8	288.56
8	288.24
8	287.86
8	287.99
8	289.42
8	291.53
8	293.49
8	295.01
8	296.42
8	297.41
8	298.35
8	299.04
8	299.29
8	298.97
8	298.64
8	297.96
8	296.85
8	295.19
8	293.72
8	292.79
8	292.06
8	291.59
8	290.97
8	290.47
8	290.25
8	289.88
8	289.62
8	289.67
8	290.87
8	292.36
8	293.73
8	295.18
8	296.71
8	297.94
8	298.92
8	299.61
8	300.04
8	300.15
8	299.75
8	299.15
8	298.04
8	296.66
8	295.16
8	294.13
8	293.66
8	293.14
8	292.55
8	292.03
8	291.72
8	291.77
8	291.43
8	291.29
8	292.11
8	293.84
8	295.68
8	296.95
8	297.94
8	298.96
8	299.56
8	299.96
8	300.61
8	300.69
8	300.16
8	299.63
8	298.45
8	296.95
8	295.37
8	294.06
8	293.14
8	292.53
8	291.96
8	291.18
8	290.57
8	290.05
8	289.51
8	289.55
8	290.92
8	293.32
8	294.85
8	296.25
8	297.61
8	298.22
8	298.89
8	299.58
8	299.87
8	299.42
8	298.89
8	297.75
8	296.71
8	295.48
8	294.41
8	293.58
8	292.95
8	292.29
8	291.73
8	291.06
8	290.72
8	290.35
8	289.93
8	289.95
8	291.19
8	292.93
8	294.59
8	295.78
8	296.88
8	297.76
8	298.49
8	299.06
8	299.58
8	299.62
8	299.07
8	298.28
8	297.24
8	296.09
8	294.91
8	293.77
8	292.74
8	292.06
8	291.43
8	290.87
8	290.43
8	290.14
8	289.83
8	289.93
8	290.98
8	292.75
8	294.15
8	295.25
8	296.16
8	296.71
8	297.26
8	297.68
8	297.41
8	297.12
8	296.73
8	296.16
8	295.52
8	294.46
8	293.49
8	292.74
8	291.99
8	290.99
8	290.47
8	290.32
8	289.81
8	289.47
8	289.27
8	289.21
8	289.91
8	291.42
8	293.13
8	294.53
8	295.84
8	296.63
8	297.38
8	297.87
8	297.67
8	297.77
8	297.79
8	297.12
8	295.95
8	294.65
8	293.37
8	292.75
8	292.07
8	291.48
8	290.85
8	290.48
8	290.04
8	289.39
8	289.12
8	289.42
8	290.39
8	291.96
8	293.46
8	294.71
8	295.59
8	295.91
8	296.31
8	296.81
8	297.05
8	297.08
8	296.67
8	295.56
8	294.24
8	293.27
8	292.43
8	291.47
8	290.71
8	290.42
8	290.14
8	289.69
8	289.29
8	288.97
8	288.67
8	288.65
8	289.51
8	290.95
8	292.28
8	293.15
8	294.07
8	294.56
8	295.09
8	295.43
8	295.46
8	295.03
8	294.57
8	294.07
8	293.23
8	292.29
8	291.35
8	290.38
8	289.95
8	289.38
8	289.04
8	288.73
8	288.28
8	287.84
8	287.38
8	287.24
8	288.03
8	289.22
8	290.27
8	291.27
8	292.41
8	293.37
8	294.25
8	294.82
8	295.21
8	295.23
8	295.14
8	294.53
8	293.47
8	292.28
8	290.73
8	289.49
8	288.82
8	288.07
8	287.49
8	286.92
8	286.63
8	286.41
8	286.15
8	286.25
8	287.57
8	289.23
8	290.77
8	292.17
8	293.08
8	293.89
8	294.49
8	295.14
8	295.43
8	295.51
8	294.97
8	293.95
8	293.08
8	292.12
8	291.04
8	290.13
8	289.37
8	288.82
8	288.54
8	288.18
8	287.95
8	287.52
8	287.24
8	287.17
8	288.51
8	290.23
8	291.81
8	293.16
8	294.42
8	295.65
8	296.48
8	296.91
8	297.18
8	297.23
8	297.08
8	296.51
8	295.38
8	294.18
8	292.82
8	291.77
8	291.09
8	290.63
8	290.05
8	289.63
8	289.25
8	288.95
8	288.68
8	288.69
8	289.71
8	291.32
8	292.75
8	293.72
8	294.65
8	295.58
8	296.47
8	296.54
8	296.75
8	296.78
8	295.63
8	294.88
8	293.75
8	292.33
8	291.14
8	290.22
8	289.51
8	289.08
8	288.64
8	288.11
8	287.67
8	287.13
8	286.71
8	286.72
8	288.17
8	290.22
8	291.89
8	293.09
8	294.19
8	295.01
8	295.48
8	295.85
8	295.96
8	296.07
8	295.84
8	295.39
8	294.08
8	292.72
8	291.57
8	290.78
8	290.06
8	289.73
8	289.16
8	288.77
8	288.35
8	287.98
8	287.53
8	287.59
8	288.63
8	290.52
8	291.97
8	293.14
8	294.22
8	295.12
8	295.88
8	296.37
8	296.25
8	296.34
8	296.18
8	295.33
8	294.13
8	293.16
8	291.93
8	290.84
8	290.28
8	289.52
8	288.92
8	288.32
8	287.74
8	287.29
8	286.86
8	286.83
8	287.92
8	289.67
8	291.54
8	292.75
8	293.76
8	294.78
8	295.73
8	296.27
8	296.82
8	297.02
8	296.78
8	296.23
8	295.07
8	293.43
8	291.89
8	291.17
8	290.49
8	289.94
8	289.31
8	288.69
8	288.39
8	288.07
8	287.73
8	287.52
8	288.79
8	290.76
8	292.76
8	294.47
8	295.96
8	296.77
8	297.45
8	297.48
8	297.62
8	297.65
8	297.52
8	296.91
8	295.61
8	294.25
8	292.93
8	292.06
8	291.19
8	290.94
8	290.69
8	290.26
8	289.75
8	289.37
8	288.95
8	289.12
8	289.97
8	292.01
8	293.77
8	295.36
8	296.67
8	297.63
8	298.43
8	298.93
8	299.13
8	299.02
8	297.93
8	296.81
8	295.67
8	294.55
8	293.29
8	292.45
8	291.73
8	291.32
8	291.01
8	290.63
8	290.24
8	289.79
8	289.58
8	289.35
8	289.96
8	291.27
8	292.96
8	294.19
8	295.16
8	295.72
8	296.24
8	297.07
8	297.32
8	297.26
8	296.76
8	295.96
8	294.85
8	293.81
8	292.69
8	291.68
8	291.11
8	290.44
8	289.96
8	289.57
8	289.09
8	288.42
8	287.99
8	287.58
8	288.66
8	290.63
8	292.21
8	293.41
8	294.35
8	295.11
8	295.69
8	296.13
8	296.11
8	295.84
8	295.49
8	294.55
8	293.48
8	292.27
8	290.83
8	289.89
8	289.34
8	288.68
8	288.16
8	287.33
8	286.87
8	286.24
8	285.94
8	285.81
8	286.94
8	289.31
8	291.38
8	292.92
8	294.35
8	295.42
8	296.22
8	296.84
8	297.24
8	297.41
8	297.13
8	296.33
8	294.96
8	293.37
8	292.02
8	291.14
8	290.17
8	289.29
8	288.76
8	288.03
8	287.31
8	286.95
8	286.62
8	286.37
8	287.64
8	290.01
8	292.37
8	294.04
8	295.44
8	296.53
8	297.52
8	298.39
8	298.98
8	299.08
8	298.27
8	296.97
8	295.76
8	294.18
8	292.59
8	291.59
8	290.66
8	289.89
8	289.28
8	288.78
8	288.47
8	288.25
8	287.91
8	287.74
8	288.91
8	291.06
8	292.57
8	294.07
8	295.24
8	296.35
8	297.31
8	297.98
8	298.43
8	298.56
8	298.06
8	297.17
8	295.99
8	294.55
8	293.31
8	292.45
8	291.71
8	291.24
8	290.88
8	290.57
8	290.27
8	289.94
8	289.25
8	289.23
8	289.87
8	291.31
8	292.88
8	293.67
8	294.52
8	295.07
8	295.27
8	295.31
8	295.14
8	295.01
8	294.71
8	294.12
8	292.96
8	291.82
8	290.79
8	290.16
8	289.57
8	289.08
8	288.71
8	288.24
8	287.85
8	287.37
8	287.08
8	286.95
8	287.83
8	289.54
8	291.02
8	292.48
8	293.67
8	294.52
8	295.29
8	295.86
8	295.97
8	295.98
8	295.72
8	294.66
8	292.75
8	291.57
8	290.53
8	289.92
8	289.48
8	288.74
8	288.28
8	288.13
8	287.65
8	287.18
8	286.87
8	286.59
8	287.31
8	289.06
8	291.41
8	292.95
8	294.23
8	295.31
8	296.31
8	296.92
8	296.97
8	296.92
8	296.04
8	295.01
8	293.68
8	292.26
8	290.97
8	289.87
8	289.08
8	288.53
8	287.76
8	287.47
8	286.87
8	286.58
8	286.58
8	286.33
8	287.23
8	289.38
8	291.26
8	292.88
8	294.04
8	295.27
8	296.13
8	296.72
8	296.82
8	296.61
8	296.38
8	295.66
8	294.46
8	293.35
8	292.37
8	291.51
8	291.08
8	290.42
8	289.42
8	289.03
8	288.79
8	288.44
8	287.98
8	287.67
8	288.64
8	290.44
8	292.64
8	294.53
8	295.84
8	296.83
8	297.87
8	298.36
8	298.56
8	298.36
8	298.07
8	297.22
8	295.58
8	293.81
8	292.38
8	291.45
8	290.69
8	289.98
8	289.48
8	289.03
8	288.49
8	288.03
8	287.92
8	288.08
8	288.58
8	290.67
8	292.74
8	294.55
8	295.76
8	296.65
8	297.16
8	297.34
8	297.65
8	297.78
8	297.19
8	296.13
8	294.72
8	293.41
8	292.28
8	291.57
8	291.06
8	290.69
8	290.15
8	289.69
8	289.36
8	289.06
8	288.53
8	288.29
8	289.07
8	290.54
8	292.31
8	293.54
8	294.56
8	295.51
8	296.06
8	296.51
8	296.64
8	296.34
8	296.08
8	295.28
8	294.13
8	292.94
8	291.75
8	290.84
8	290.17
8	289.71
8	289.12
8	288.79
8	288.36
8	288.05
8	287.81
8	287.72
8	287.96
8	289.38
8	291.09
8	292.47
8	293.51
8	294.07
8	294.49
8	294.69
8	294.84
8	294.63
8	293.93
8	292.72
8	291.73
8	291.04
8	290.24
8	289.71
8	289.37
8	288.95
9	288.64
9	288.27
9	287.94
9	287.52
9	287.19
9	287.16
9	287.44
9	288.37
9	289.63
9	290.54
9	291.13
9	291.81
9	292.27
9	292.67
9	292.44
9	291.83
9	291.25
9	290.66
9	289.82
9	289.04
9	288.45
9	287.99
9	287.52
9	287.22
9	286.76
9	286.24
9	285.95
9	285.75
9	285.56
9	285.37
9	286.05
9	287.36
9	288.91
9	290.11
9	290.96
9	291.77
9	292.48
9	293.04
9	293.26
9	293.28
9	292.86
9	291.87
9	290.72
9	289.51
9	288.53
9	287.53
9	286.74
9	286.24
9	285.74
9	285.38
9	285.43
9	285.06
9	284.94
9	284.91
9	285.52
9	287.05
9	288.86
9	290.33
9	291.61
9	292.66
9	293.54
9	294.06
9	294.54
9	294.43
9	294.05
9	292.92
9	291.61
9	290.37
9	289.31
9	288.44
9	287.88
9	287.44
9	287.08
9	286.91
9	286.46
9	286.04
9	285.71
9	285.65
9	286.11
9	288.16
9	290.21
9	291.95
9	293.18
9	294.16
9	294.79
9	295.09
9	295.42
9	295.41
9	294.79
9	293.88
9	292.57
9	291.51
9	290.53
9	289.81
9	289.35
9	289.09
9	288.68
9	288.25
9	287.86
9	287.49
9	287.09
9	286.83
9	287.19
9	288.17
9	289.73
9	291.21
9	292.19
9	292.98
9	293.76
9	293.97
9	294.05
9	294.07
9	293.78
9	292.86
9	291.73
9	290.51
9	289.64
9	289.02
9	288.54
9	288.19
9	287.97
9	287.56
9	287.18
9	286.99
9	286.85
9	286.64
9	287.28
9	288.47
9	289.56
9	290.77
9	291.88
9	292.65
9	293.35
9	293.92
9	293.99
9	293.72
9	293.16
9	292.16
9	290.86
9	289.95
9	289.28
9	288.69
9	288.21
9	287.54
9	287.14
9	286.79
9	286.44
9	286.22
9	286.13
9	285.97
9	286.41
9	288.04
9	289.47
9	290.79
9	291.94
9	292.73
9	293.58
9	294.37
9	294.67
9	294.77
9	294.29
9	293.24
9	291.86
9	290.45
9	289.44
9	288.11
9	287.52
9	287.05
9	286.67
9	286.05
9	285.71
9	285.58
9	285.44
9	285.35
9	285.84
9	287.53
9	289.22
9	290.78
9	292.31
9	293.49
9	294.01
9	294.24
9	294.41
9	294.49
9	294.12
9	293.12
9	291.62
9	290.36
9	288.99
9	288.24
9	287.86
9	287.53
9	287.09
9	286.84
9	286.35
9	286.11
9	286.15
9	286.03
9	286.39
9	287.65
9	289.57
9	291.26
9	292.33
9	293.24
9	294.12
9	294.62
9	294.88
9	294.74
9	294.15
9	293.14
9	291.82
9	290.56
9	289.64
9	288.87
9	288.33
9	287.89
9	287.42
9	286.88
9	286.52
9	286.17
9	285.96
9	285.49
9	285.85
9	287.59
9	289.58
9	291.39
9	292.87
9	293.63
9	294.46
9	295.12
9	295.29
9	295.19
9	294.76
9	293.47
9	291.93
9	290.53
9	289.48
9	288.76
9	287.93
9	287.34
9	286.72
9	286.28
9	285.86
9	285.34
9	285.03
9	284.91
9	285.36
9	287.19
9	289.42
9	291.14
9	292.56
9	293.28
9	293.92
9	293.86
9	293.51
9	293.65
9	293.31
9	292.45
9	291.57
9	290.57
9	289.88
9	289.21
9	288.56
9	288.03
9	287.41
9	286.88
9	286.31
9	285.95
9	285.68
9	285.35
9	285.43
9	286.95
9	288.55
9	290.02
9	291.22
9	291.91
9	292.45
9	292.94
9	293.18
9	293.04
9	292.02
9	290.96
9	289.93
9	289.08
9	288.33
9	287.79
9	287.26
9	286.99
9	286.69
9	286.31
9	286.03
9	285.88
9	285.59
9	285.53
9	285.87
9	287.26
9	289.18
9	290.85
9	292.08
9	293.16
9	294.15
9	294.77
9	295.03
9	294.64
9	294.02
9	292.96
9	291.59
9	290.68
9	289.61
9	289.09
9	288.87
9	288.34
9	287.88
9	287.55
9	287.09
9	286.77
9	286.51
9	286.24
9	286.59
9	287.92
9	288.88
9	289.93
9	291.07
9	291.63
9	292.19
9	292.83
9	292.88
9	292.77
9	292.48
9	291.68
9	290.45
9	289.26
9	288.51
9	287.75
9	287.17
9	286.65
9	286.26
9	285.85
9	285.55
9	285.35
9	285.26
9	285.21
9	285.41
9	286.53
9	287.97
9	289.53
9	290.74
9	291.72
9	292.43
9	292.92
9	293.13
9	292.95
9	292.67
9	291.68
9	290.51
9	289.45
9	288.53
9	287.82
9	286.98
9	286.34
9	285.96
9	285.59
9	285.21
9	284.83
9	284.31
9	284.14
9	284.31
9	285.96
9	288.18
9	289.72
9	290.81
9	291.84
9	292.65
9	293.44
9	293.78
9	294.27
9	293.85
9	292.75
9	291.25
9	289.69
9	288.64
9	288.28
9	287.79
9	287.59
9	287.19
9	286.76
9	286.42
9	286.02
9	285.75
9	285.54
9	285.57
9	286.45
9	287.98
9	289.26
9	290.07
9	290.64
9	291.05
9	291.74
9	292.22
9	292.24
9	291.59
9	290.71
9	289.48
9	288.48
9	287.75
9	287.26
9	286.84
9	286.51
9	286.35
9	286.27
9	286.15
9	286.06
9	286.12
9	285.82
9	285.76
9	286.15
9	287.17
9	288.22
9	289.17
9	289.87
9	290.55
9	290.98
9	291.01
9	291.03
9	290.78
9	289.64
9	288.67
9	287.61
9	286.98
9	286.56
9	286.28
9	286.01
9	285.72
9	285.33
9	285.02
9	284.82
9	284.49
9	284.19
9	284.01
9	284.87
9	286.49
9	287.48
9	288.34
9	288.83
9	289.34
9	289.84
9	290.07
9	290.05
9	289.58
9	288.47
9	287.33
9	286.52
9	285.82
9	285.36
9	284.92
9	284.63
9	284.16
9	283.77
9	283.19
9	282.82
9	282.52
9	282.32
9	282.34
9	283.59
9	285.81
9	287.84
9	289.13
9	290.51
9	291.38
9	291.89
9	292.25
9	291.84
9	291.11
9	289.88
9	288.49
9	287.23
9	286.13
9	285.27
9	284.73
9	284.26
9	283.83
9	283.35
9	282.98
9	282.61
9	282.05
9	281.76
9	282.24
9	283.92
9	286.27
9	288.36
9	290.42
9	291.66
9	292.42
9	292.91
9	292.93
9	292.47
9	291.69
9	290.43
9	289.01
9	287.77
9	286.94
9	286.18
9	285.61
9	285.24
9	284.88
9	284.72
9	284.23
9	284.03
9	283.87
9	283.62
9	283.83
9	285.13
9	286.93
9	288.59
9	289.64
9	290.86
9	291.62
9	292.15
9	292.52
9	292.44
9	291.71
9	290.62
9	289.47
9	288.31
9	287.33
9	286.62
9	285.83
9	285.38
9	285.04
9	284.67
9	284.36
9	284.11
9	283.82
9	283.62
9	283.85
9	284.86
9	286.63
9	288.47
9	289.72
9	290.37
9	291.17
9	291.94
9	292.45
9	292.38
9	291.56
9	290.46
9	289.07
9	287.66
9	286.82
9	285.43
9	284.75
9	284.19
9	283.86
9	283.39
9	282.93
9	282.72
9	282.34
9	282.23
9	282.42
9	283.93
9	286.23
9	287.91
9	289.12
9	290.13
9	291.01
9	291.53
9	291.36
9	291.41
9	290.57
9	289.23
9	287.97
9	286.92
9	286.01
9	285.47
9	284.89
9	284.58
9	284.37
9	283.86
9	283.64
9	282.98
9	282.51
9	282.33
9	282.46
9	284.37
9	286.63
9	288.76
9	290.29
9	291.35
9	291.86
9	292.37
9	292.21
9	291.85
9	291.14
9	289.86
9	288.72
9	287.65
9	286.93
9	286.15
9	285.49
9	284.76
9	284.36
9	283.74
9	283.43
9	282.96
9	282.63
9	282.43
9	282.79
9	284.12
9	286.32
9	288.48
9	290.36
9	291.39
9	292.07
9	292.25
9	292.13
9	291.74
9	291.01
9	289.95
9	288.58
9	287.58
9	286.96
9	286.49
9	285.88
9	285.42
9	284.96
9	284.56
9	284.18
9	283.79
9	283.41
9	283.27
9	283.27
9	284.64
9	287.12
9	289.37
9	290.77
9	292.03
9	292.87
9	293.48
9	293.63
9	293.32
9	292.17
9	290.95
9	289.76
9	288.91
9	288.04
9	287.32
9	286.67
9	285.77
9	284.98
9	284.52
9	283.96
9	283.47
9	283.11
9	282.77
9	282.87
9	284.16
9	286.62
9	289.02
9	290.82
9	291.99
9	292.69
9	293.45
9	293.66
9	293.37
9	292.46
9	291.12
9	289.74
9	288.63
9	287.83
9	287.24
9	286.62
9	285.98
9	285.43
9	285.02
9	284.65
9	284.25
9	283.79
9	283.54
9	283.49
9	284.77
9	286.88
9	288.41
9	289.72
9	290.63
9	291.34
9	291.85
9	292.24
9	292.26
9	291.56
9	290.35
9	289.41
9	288.67
9	288.07
9	287.42
9	286.96
9	286.65
9	286.24
9	285.93
9	285.74
9	285.25
9	284.78
9	284.46
9	284.64
9	285.52
9	286.56
9	287.89
9	289.21
9	290.26
9	290.94
9	291.56
9	291.79
9	291.47
9	290.68
9	289.45
9	288.24
9	287.01
9	286.29
9	285.87
9	285.54
9	285.22
10	284.82
10	284.56
10	284.43
10	284.27
10	284.06
10	283.74
10	283.68
10	284.15
10	285.36
10	286.83
10	288.19
10	289.22
10	289.67
10	290.18
10	290.22
10	289.99
10	289.36
10	288.12
10	287.07
10	286.09
10	285.47
10	285.11
10	284.87
10	284.66
10	284.47
10	284.33
10	284.01
10	283.84
10	283.35
10	283.01
10	283.02
10	284.06
10	285.69
10	287.11
10	288.25
10	288.98
10	289.62
10	290.08
10	290.34
10	290.12
10	289.42
10	288.15
10	287.21
10	286.34
10	285.88
10	285.53
10	284.97
10	284.51
10	284.21
10	283.96
10	283.65
10	283.25
10	282.75
10	282.31
10	282.23
10	283.41
10	285.19
10	287.05
10	288.53
10	289.71
10	290.53
10	291.13
10	291.21
10	290.86
10	289.83
10	288.58
10	287.44
10	286.51
10	285.69
10	285.13
10	284.52
10	283.98
10	283.62
10	283.26
10	282.97
10	282.87
10	282.93
10	282.92
10	283.06
10	284.05
10	285.86
10	287.04
10	288.19
10	289.39
10	290.36
10	290.87
10	291.14
10	290.98
10	290.16
10	288.95
10	287.57
10	286.77
10	286.07
10	285.71
10	285.31
10	284.99
10	284.49
10	284.01
10	283.66
10	283.38
10	283.27
10	283.01
10	283.37
10	284.38
10	286.35
10	288.27
10	289.79
10	290.66
10	291.14
10	291.48
10	291.19
10	290.39
10	289.64
10	288.53
10	287.57
10	286.93
10	286.21
10	285.58
10	284.99
10	284.69
10	284.51
10	284.15
10	283.69
10	283.06
10	282.84
10	282.77
10	282.75
10	283.71
10	285.46
10	287.05
10	288.49
10	289.38
10	289.89
10	290.15
10	289.84
10	289.22
10	288.41
10	287.55
10	286.94
10	286.28
10	285.79
10	285.43
10	284.89
10	284.13
10	283.81
10	283.45
10	283.21
10	282.99
10	282.81
10	282.61
10	282.57
10	283.19
10	284.26
10	285.17
10	285.98
10	286.86
10	287.33
10	287.47
10	287.74
10	287.57
10	286.92
10	286.25
10	285.72
10	285.28
10	284.86
10	284.44
10	284.19
10	283.89
10	283.56
10	283.18
10	282.87
10	282.75
10	282.66
10	282.49
10	282.66
10	283.04
10	284.04
10	285.22
10	286.29
10	287.02
10	287.55
10	287.91
10	288.11
10	288.09
10	287.47
10	286.62
10	286.07
10	285.87
10	285.48
10	285.08
10	284.77
10	284.59
10	284.33
10	283.92
10	283.53
10	283.22
10	283.03
10	282.82
10	282.78
10	283.64
10	285.02
10	286.19
10	287.21
10	287.85
10	288.34
10	288.63
10	288.81
10	288.31
10	287.45
10	286.86
10	286.25
10	285.31
10	284.65
10	284.07
10	283.69
10	283.31
10	283.02
10	282.89
10	282.85
10	282.78
10	282.84
10	282.65
10	282.57
10	283.04
10	284.06
10	284.84
10	285.36
10	285.95
10	286.53
10	286.82
10	287.36
10	287.21
10	286.75
10	285.87
10	284.95
10	284.37
10	283.73
10	283.36
10	282.92
10	282.48
10	282.08
10	281.83
10	281.62
10	281.29
10	281.27
10	281.52
10	281.49
10	282.16
10	283.61
10	284.69
10	285.94
10	287.33
10	288.11
10	289.03
10	289.38
10	289.06
10	288.17
10	286.96
10	285.88
10	285.04
10	284.29
10	283.68
10	283.36
10	282.87
10	282.44
10	281.94
10	281.77
10	281.69
10	281.61
10	281.45
10	281.31
10	281.91
10	283.58
10	285.14
10	286.66
10	287.97
10	288.82
10	289.15
10	289.39
10	289.02
10	287.91
10	286.71
10	285.53
10	284.63
10	284.02
10	283.44
10	283.13
10	282.66
10	282.42
10	282.19
10	281.97
10	281.77
10	281.54
10	281.38
10	281.16
10	281.93
10	283.62
10	285.42
10	286.83
10	287.83
10	288.46
10	289.16
10	289.21
10	288.92
10	288.02
10	286.84
10	285.95
10	285.12
10	284.59
10	284.13
10	283.68
10	283.21
10	282.81
10	282.32
10	281.89
10	281.61
10	281.16
10	280.98
10	280.75
10	281.19
10	282.83
10	284.85
10	286.28
10	287.44
10	288.12
10	288.53
10	288.62
10	288.55
10	287.79
10	286.64
10	285.47
10	284.55
10	283.98
10	283.42
10	283.11
10	282.65
10	282.26
10	282.07
10	281.77
10	281.75
10	281.66
10	281.52
10	281.41
10	281.81
10	283.11
10	284.47
10	285.75
10	286.58
10	287.05
10	287.47
10	287.55
10	287.43
10	286.39
10	285.14
10	284.16
10	283.29
10	282.62
10	282.12
10	281.93
10	281.57
10	281.36
10	281.05
10	281.12
10	280.82
10	280.63
10	280.28
10	280.22
10	280.88
10	282.63
10	284.44
10	286.13
10	287.24
10	288.13
10	288.53
10	288.66
10	288.27
10	287.27
10	286.15
10	284.98
10	284.09
10	283.42
10	283.03
10	282.62
10	282.47
10	282.13
10	282.14
10	282.17
10	281.99
10	281.64
10	281.34
10	281.18
10	281.72
10	283.35
10	285.17
10	286.98
10	288.27
10	289.19
10	289.65
10	289.87
10	289.54
10	288.16
10	286.66
10	285.39
10	284.45
10	283.82
10	283.09
10	282.58
10	282.01
10	281.72
10	281.27
10	281.07
10	280.86
10	280.56
10	280.38
10	280.17
10	280.82
10	282.73
10	284.95
10	286.79
10	288.38
10	289.41
10	290.08
10	290.09
10	289.53
10	288.36
10	287.09
10	286.04
10	285.21
10	284.46
10	283.85
10	283.64
10	283.31
10	282.97
10	282.52
10	282.43
10	282.19
10	282.02
10	281.77
10	281.92
10	282.33
10	283.89
10	285.63
10	286.98
10	287.96
10	288.65
10	289.01
10	288.71
10	288.34
10	287.61
10	286.72
10	285.71
10	284.79
10	284.11
10	283.72
10	283.21
10	282.61
10	282.35
10	281.52
10	281.12
10	280.91
10	280.73
10	280.57
10	280.51
10	281.16
10	282.83
10	284.49
10	285.81
10	286.64
10	287.28
10	287.68
10	288.01
10	287.67
10	286.89
10	285.64
10	284.78
10	284.06
10	283.71
10	283.38
10	282.98
10	282.74
10	282.23
10	281.82
10	281.77
10	281.57
10	281.49
10	281.39
10	281.46
10	282.03
10	283.29
10	284.33
10	285.39
10	286.17
10	287.22
10	287.78
10	287.93
10	287.39
10	286.33
10	285.07
10	283.74
10	282.54
10	281.94
10	281.45
10	280.84
10	280.37
10	279.94
10	279.58
10	279.58
10	279.26
10	279.16
10	278.96
10	278.94
10	279.41
10	280.44
10	282.07
10	283.66
10	284.91
10	285.77
10	285.98
10	285.96
10	285.36
10	284.43
10	283.45
10	282.67
10	281.97
10	281.49
10	281.04
10	280.66
10	280.24
10	280.08
10	279.87
10	279.76
10	279.82
10	280.12
10	280.25
10	280.18
10	280.44
10	281.21
10	282.19
10	282.91
10	283.79
10	284.24
10	284.52
10	284.59
10	284.57
10	284.15
10	283.39
10	282.66
10	282.18
10	281.82
10	281.25
10	281.01
10	280.97
10	280.92
10	280.86
10	280.81
10	280.42
10	280.03
10	279.75
10	279.56
10	279.98
10	281.04
10	283.07
10	284.71
10	285.82
10	286.58
10	287.26
10	287.24
10	286.86
10	285.97
10	285.09
10	284.39
10	283.72
10	283.24
10	283.01
10	282.82
10	282.61
10	282.27
10	282.06
10	281.83
10	281.81
10	281.84
10	281.72
10	281.62
10	282.01
10	283.13
10	284.77
10	286.14
10	287.21
10	288.02
10	288.49
10	288.76
10	288.42
10	287.46
10	286.38
10	285.41
10	284.54
10	284.07
10	283.58
10	283.08
10	282.72
10	282.39
10	281.88
10	281.59
10	281.23
10	281.05
10	281.12
10	280.82
10	281.02
10	282.01
10	283.53
10	285.28
10	286.66
10	287.59
10	288.47
10	289.12
10	288.88
10	287.27
10	286.06
10	284.97
10	284.16
10	283.53
10	283.26
10	282.89
10	282.88
10	282.86
10	283.17
10	283.04
10	282.76
10	282.48
10	282.14
10	281.77
10	281.77
10	282.73
10	283.26
10	283.57
10	284.31
10	285.01
10	285.24
10	285.31
10	284.76
10	283.75
10	282.84
10	282.14
10	281.45
10	281.17
10	280.87
10	280.62
10	280.38
10	280.22
10	280.23
10	279.94
10	279.72
10	279.44
10	279.08
10	278.74
10	279.14
10	280.62
10	282.22
10	283.56
10	284.55
10	285.07
10	285.53
10	285.45
10	284.85
10	283.78
10	282.73
10	281.91
10	281.38
10	281.03
10	280.74
10	280.37
10	280.16
10	279.98
10	279.67
10	279.65
10	279.51
10	279.34
10	279.09
10	279.08
10	279.29
10	280.26
10	281.29
10	282.08
10	282.69
10	283.23
10	283.78
10	284.18
10	283.96
10	283.13
10	282.26
10	281.57
10	281.09
10	280.75
10	280.47
10	280.09
10	279.69
10	279.35
10	279.15
10	278.95
10	278.73
10	278.62
10	278.58
10	278.66
10	278.72
10	279.74
10	281.19
10	282.33
10	283.11
10	283.69
10	284.29
10	284.65
10	284.33
10	283.44
10	282.38
10	281.46
10	280.57
10	279.74
10	278.92
10	278.39
10	277.85
10	277.64
10	277.35
10	276.97
10	276.91
10	276.78
10	276.75
10	276.68
10	276.98
10	278.11
10	279.47
10	280.84
10	281.79
10	282.52
10	283.06
10	283.33
10	283.17
10	282.35
10	281.51
10	280.77
10	280.15
10	279.82
10	279.63
10	279.39
10	279.26
11	278.97
11	278.64
11	278.42
11	278.26
11	278.14
11	278.13
11	277.91
11	278.22
11	279.42
11	281.27
11	283.14
11	284.46
11	285.48
11	286.33
11	286.38
11	285.94
11	284.63
11	283.43
11	282.64
11	282.11
11	281.69
11	281.38
11	281.24
11	281.17
11	281.02
11	280.76
11	280.72
11	280.62
11	280.56
11	280.48
11	280.49
11	280.68
11	282.17
11	283.45
11	284.81
11	285.83
11	286.68
11	287.31
11	287.28
11	286.48
11	285.51
11	284.85
11	284.49
11	284.02
11	283.72
11	283.14
11	282.89
11	282.72
11	282.34
11	282.16
11	281.81
11	281.73
11	281.43
11	280.98
11	280.42
11	280.46
11	281.49
11	282.55
11	283.48
11	284.24
11	284.95
11	285.18
11	285.06
11	284.71
11	283.91
11	283.06
11	282.46
11	281.88
11	281.31
11	280.89
11	280.72
11	280.48
11	280.48
11	280.46
11	280.21
11	280.23
11	280.18
11	280.08
11	280.17
11	280.59
11	281.11
11	282.45
11	283.64
11	284.94
11	285.64
11	285.67
11	285.69
11	285.34
11	284.55
11	283.78
11	283.64
11	283.42
11	283.15
11	282.68
11	282.18
11	281.93
11	281.86
11	281.67
11	281.47
11	281.19
11	280.85
11	280.52
11	280.23
11	280.33
11	280.88
11	281.69
11	282.17
11	282.88
11	283.49
11	283.95
11	283.88
11	283.25
11	282.31
11	281.64
11	281.05
11	280.66
11	280.45
11	280.34
11	280.01
11	279.85
11	279.85
11	279.65
11	279.38
11	279.28
11	279.04
11	278.61
11	278.52
11	278.74
11	279.29
11	280.56
11	281.75
11	282.75
11	283.49
11	283.88
11	283.53
11	282.94
11	282.17
11	281.55
11	280.94
11	280.56
11	280.16
11	280.06
11	279.87
11	279.66
11	279.34
11	279.13
11	278.93
11	278.96
11	278.98
11	278.77
11	278.75
11	278.93
11	279.79
11	280.94
11	282.33
11	283.07
11	283.72
11	284.22
11	283.85
11	283.38
11	282.78
11	281.95
11	281.27
11	280.95
11	280.43
11	280.02
11	279.57
11	279.31
11	279.27
11	279.01
11	278.67
11	278.38
11	278.25
11	278.04
11	277.78
11	278.04
11	278.94
11	280.42
11	281.41
11	282.22
11	282.71
11	283.03
11	283.04
11	282.64
11	282.09
11	281.36
11	280.92
11	280.25
11	279.73
11	279.27
11	278.95
11	279.07
11	278.72
11	278.39
11	278.26
11	278.02
11	277.77
11	277.64
11	277.61
11	277.69
11	278.38
11	279.63
11	280.99
11	282.22
11	282.78
11	283.29
11	283.38
11	282.82
11	281.88
11	281.31
11	280.78
11	280.62
11	280.21
11	279.87
11	279.57
11	279.24
11	278.88
11	278.81
11	278.83
11	278.56
11	278.41
11	278.11
11	278.29
11	278.34
11	278.93
11	279.87
11	280.89
11	281.45
11	281.79
11	282.03
11	281.97
11	281.74
11	281.32
11	280.83
11	280.46
11	280.08
11	279.72
11	279.63
11	279.42
11	279.29
11	279.19
11	279.13
11	279.13
11	278.99
11	278.69
11	278.67
11	278.72
11	278.74
11	278.85
11	279.65
11	280.29
11	280.99
11	281.63
11	281.92
11	281.89
11	281.57
11	281.11
11	280.75
11	280.36
11	279.99
11	279.88
11	279.47
11	279.15
11	278.91
11	278.75
11	278.59
11	278.57
11	278.46
11	278.31
11	278.24
11	278.07
11	278.11
11	278.65
11	279.64
11	280.63
11	281.57
11	282.12
11	282.63
11	282.78
11	282.01
11	280.53
11	279.75
11	279.07
11	278.55
11	278.16
11	277.85
11	277.61
11	277.41
11	277.45
11	277.33
11	277.24
11	277.24
11	277.22
11	277.38
11	277.41
11	277.49
11	277.87
11	278.69
11	279.61
11	280.21
11	280.85
11	281.28
11	281.28
11	280.65
11	279.85
11	279.43
11	279.22
11	279.01
11	278.83
11	278.63
11	278.32
11	278.05
11	277.82
11	277.56
11	277.22
11	276.89
11	276.67
11	276.49
11	276.61
11	276.77
11	277.24
11	278.01
11	278.69
11	279.28
11	279.81
11	280.34
11	280.42
11	280.02
11	279.17
11	278.74
11	278.44
11	278.23
11	278.05
11	277.79
11	277.56
11	277.25
11	277.07
11	276.96
11	276.84
11	276.81
11	277.15
11	277.22
11	277.09
11	277.15
11	277.39
11	278.01
11	278.92
11	279.73
11	280.44
11	280.98
11	281.17
11	280.44
11	279.71
11	279.05
11	278.49
11	278.07
11	277.67
11	277.37
11	276.94
11	276.58
11	276.57
11	276.59
11	276.55
11	276.36
11	276.43
11	276.25
11	276.01
11	276.18
11	276.54
11	277.48
11	278.78
11	279.63
11	280.41
11	280.79
11	280.95
11	280.44
11	279.75
11	279.31
11	278.66
11	278.13
11	277.79
11	277.63
11	277.42
11	276.99
11	276.74
11	276.63
11	276.54
11	276.33
11	276.29
11	276.34
11	276.43
11	276.65
11	277.33
11	278.32
11	279.23
11	280.06
11	280.92
11	281.46
11	281.34
11	280.65
11	279.91
11	279.51
11	279.32
11	279.23
11	279.01
11	278.92
11	278.92
11	278.83
11	278.67
11	278.56
11	278.25
11	278.06
11	277.94
11	277.73
11	277.52
11	277.52
11	277.81
11	278.48
11	279.39
11	280.01
11	280.54
11	280.98
11	281.13
11	280.62
11	279.67
11	279.07
11	278.38
11	277.76
11	277.38
11	277.08
11	276.61
11	276.55
11	276.39
11	276.44
11	276.52
11	276.53
11	276.58
11	276.72
11	276.59
11	276.22
11	276.58
11	277.47
11	278.38
11	279.34
11	280.06
11	280.27
11	280.09
11	279.56
11	279.05
11	278.52
11	278.14
11	277.87
11	277.54
11	276.98
11	276.78
11	276.55
11	276.33
11	276.12
11	275.95
11	275.81
11	275.57
11	275.58
11	275.49
11	275.47
11	276.24
11	277.61
11	278.74
11	279.59
11	280.26
11	280.86
11	280.92
11	280.38
11	279.35
11	278.69
11	278.08
11	277.69
11	276.99
11	276.55
11	276.45
11	276.31
11	276.19
11	275.95
11	275.78
11	275.65
11	275.85
11	275.75
11	275.76
11	276.09
11	276.53
11	277.36
11	278.22
11	279.03
11	279.95
11	279.92
11	280.01
11	279.73
11	278.91
11	278.24
11	277.81
11	277.47
11	277.18
11	276.92
11	276.64
11	276.67
11	276.58
11	276.45
11	276.34
11	276.14
11	275.98
11	275.83
11	275.68
11	275.46
11	275.92
11	277.21
11	278.66
11	279.83
11	280.71
11	281.22
11	281.14
11	280.53
11	279.42
11	278.71
11	278.17
11	277.48
11	277.11
11	276.81
11	276.55
11	276.31
11	275.86
11	275.76
11	275.76
11	275.81
11	275.49
11	275.39
11	275.22
11	275.24
11	275.61
11	276.88
11	278.77
11	280.02
11	280.93
11	281.44
11	281.66
11	281.38
11	280.17
11	279.31
11	278.66
11	278.34
11	278.06
11	277.73
11	277.44
11	277.32
11	277.29
11	277.08
11	276.94
11	276.86
11	276.71
11	276.62
11	276.53
11	276.58
11	277.42
11	278.92
11	280.25
11	281.62
11	282.33
11	282.59
11	282.11
11	281.36
11	280.74
11	280.17
11	279.72
11	279.32
11	278.89
11	278.41
11	278.27
11	277.84
11	277.53
11	277.33
11	277.37
11	277.64
11	277.69
11	277.92
11	277.76
11	277.53
11	277.66
11	277.81
11	278.09
11	278.57
11	279.05
11	279.57
11	279.64
11	279.17
11	278.92
11	278.59
11	278.36
11	277.94
11	277.74
11	277.51
11	277.21
11	276.92
11	276.77
11	276.56
11	276.43
11	276.38
11	276.19
11	276.07
11	276.04
11	276.16
11	276.49
11	277.17
11	277.92
11	278.73
11	279.22
11	279.54
11	279.53
11	279.22
11	278.43
11	278.03
11	277.54
11	277.26
11	277.01
11	276.73
11	276.57
11	276.19
11	275.88
11	275.72
11	275.66
11	275.51
11	275.48
11	275.64
11	275.62
11	275.54
11	275.61
11	276.28
11	277.33
11	278.13
11	278.92
11	279.43
11	279.56
11	279.21
11	278.55
11	277.86
11	277.44
11	277.04
11	276.77
11	276.52
11	276.09
11	275.83
11	275.75
11	275.54
11	275.41
11	275.38
11	275.28
11	275.29
11	275.21
11	275.14
11	275.51
11	276.35
11	277.05
11	277.84
11	278.14
11	278.36
11	278.23
11	277.97
11	277.62
11	277.15
11	276.75
11	276.46
11	276.27
11	276.08
11	275.96
11	275.91
11	275.67
11	275.42
11	275.33
11	275.14
11	275.05
11	275.01
11	274.85
11	274.83
11	275.06
11	275.68
11	276.48
11	277.13
11	277.78
11	278.22
11	278.32
11	277.88
11	277.45
11	277.05
11	276.91
11	276.92
11	276.62
11	276.34
11	276.14
11	276.04
11	275.95
11	275.93
11	275.69
11	275.88
11	276.01
11	276.04
11	276.16
11	276.13
11	276.48
11	276.73
11	277.45
11	278.09
11	278.61
11	278.74
11	278.74
11	278.39
11	277.88
11	277.37
11	276.92
11	276.67
11	276.41
11	276.14
11	275.87
11	275.76
12	275.57
12	275.28
12	275.08
12	274.81
12	274.55
12	274.16
12	274.09
12	273.88
12	274.16
12	275.26
12	276.46
12	277.46
12	278.07
12	278.19
12	278.05
12	277.64
12	277.01
12	276.43
12	275.84
12	275.27
12	274.99
12	274.73
12	274.44
12	274.39
12	274.23
12	274.39
12	274.34
12	274.73
12	274.91
12	274.81
12	274.71
12	274.69
12	275.12
12	276.03
12	277.01
12	277.69
12	278.55
12	278.64
12	278.17
12	277.52
12	276.88
12	276.35
12	275.95
12	275.64
12	275.16
12	274.77
12	274.66
12	274.45
12	274.41
12	274.26
12	274.08
12	273.85
12	273.79
12	273.76
12	273.68
12	273.78
12	274.09
12	274.97
12	276.09
12	277.09
12	277.57
12	277.72
12	277.81
12	277.25
12	276.52
12	276.22
12	276.32
12	275.89
12	275.67
12	275.57
12	275.52
12	275.59
12	275.55
12	275.49
12	275.43
12	275.52
12	275.53
12	275.61
12	275.63
12	275.91
12	275.88
12	276.34
12	277.11
12	277.68
12	278.48
12	278.58
12	278.71
12	278.24
12	277.65
12	277.16
12	277.17
12	276.85
12	276.64
12	276.52
12	276.13
12	276.02
12	275.68
12	275.57
12	275.17
12	274.95
12	274.61
12	274.31
12	274.21
12	274.12
12	274.19
12	274.59
12	275.23
12	276.17
12	277.02
12	277.68
12	277.77
12	277.06
12	276.45
12	276.07
12	275.81
12	275.51
12	275.38
12	275.22
12	274.95
12	274.93
12	274.98
12	274.95
12	275.14
12	275.08
12	274.74
12	274.45
12	274.41
12	274.36
12	274.55
12	275.38
12	276.47
12	277.91
12	278.75
12	279.14
12	279.08
12	278.51
12	277.64
12	276.94
12	276.47
12	275.85
12	275.71
12	275.58
12	275.49
12	275.44
12	275.24
12	275.17
12	275.02
12	274.89
12	274.84
12	274.91
12	274.85
12	274.78
12	275.21
12	276.17
12	277.32
12	278.35
12	279.08
12	279.71
12	279.82
12	279.22
12	278.61
12	278.04
12	277.63
12	277.29
12	277.14
12	276.57
12	276.14
12	276.02
12	275.71
12	275.27
12	274.99
12	274.92
12	274.86
12	274.71
12	274.64
12	274.49
12	274.89
12	275.95
12	277.15
12	278.08
12	278.89
12	279.04
12	278.93
12	278.18
12	277.53
12	276.71
12	276.43
12	276.29
12	276.09
12	275.86
12	275.58
12	275.51
12	275.58
12	275.55
12	275.49
12	275.51
12	275.64
12	275.33
12	275.27
12	275.08
12	275.14
12	275.74
12	276.47
12	277.23
12	277.98
12	278.53
12	278.22
12	277.48
12	276.93
12	276.34
12	275.83
12	275.28
12	275.14
12	274.95
12	274.88
12	274.52
12	274.44
12	274.27
12	274.07
12	273.99
12	273.87
12	273.81
12	273.76
12	273.63
12	273.89
12	274.86
12	276.04
12	277.29
12	278.43
12	278.47
12	278.18
12	277.67
12	277.05
12	276.33
12	275.89
12	275.42
12	275.09
12	274.84
12	274.64
12	274.54
12	274.35
12	274.31
12	274.15
12	273.81
12	273.77
12	273.83
12	273.58
12	273.78
12	273.93
12	274.61
12	275.78
12	276.79
12	277.87
12	278.54
12	278.26
12	277.92
12	276.89
12	275.97
12	275.37
12	275.15
12	274.74
12	274.48
12	273.88
12	273.56
12	273.42
12	273.25
12	273.01
12	272.89
12	272.64
12	272.68
12	272.51
12	272.02
12	272.06
12	273.36
12	274.73
12	275.76
12	276.49
12	276.77
12	276.81
12	276.02
12	275.04
12	274.32
12	273.43
12	272.84
12	272.42
12	272.19
12	271.75
12	271.56
12	271.35
12	271.12
12	271.02
12	270.79
12	270.83
12	270.57
12	270.36
12	270.18
12	270.58
12	271.91
12	273.27
12	274.94
12	275.68
12	276.49
12	276.63
12	276.24
12	275.95
12	275.78
12	275.49
12	275.18
12	274.96
12	274.81
12	274.85
12	275.17
12	275.16
12	275.12
12	274.85
12	274.65
12	274.81
12	274.93
12	274.79
12	275.02
12	275.28
12	276.05
12	276.83
12	277.81
12	278.64
12	278.76
12	278.73
12	278.18
12	277.39
12	276.91
12	276.63
12	276.33
12	276.01
12	275.97
12	275.73
12	275.62
12	275.21
12	275.37
12	275.55
12	275.48
12	275.45
12	275.53
12	275.28
12	275.36
12	275.76
12	276.78
12	277.54
12	278.22
12	279.01
12	279.51
12	279.48
12	278.82
12	278.07
12	277.64
12	277.35
12	276.91
12	276.54
12	276.27
12	276.14
12	276.05
12	275.77
12	275.72
12	275.72
12	275.61
12	275.92
12	275.95
12	275.87
12	275.97
12	276.08
12	276.95
12	278.21
12	279.13
12	279.68
12	280.03
12	279.93
12	279.42
12	278.75
12	277.96
12	277.48
12	277.08
12	276.93
12	276.67
12	276.43
12	276.08
12	275.93
12	275.72
12	275.37
12	275.23
12	274.88
12	274.58
12	274.58
12	274.56
12	274.72
12	275.51
12	276.66
12	277.81
12	278.42
12	278.87
12	278.75
12	278.28
12	277.62
12	276.93
12	276.38
12	275.97
12	275.52
12	275.04
12	274.77
12	274.56
12	275.05
12	275.34
12	275.25
12	275.04
12	274.97
12	275.15
12	275.36
12	275.55
12	275.53
12	276.09
12	276.85
12	277.89
12	278.64
12	279.31
12	279.47
12	278.92
12	278.04
12	277.21
12	276.61
12	276.27
12	275.79
12	275.58
12	275.43
12	275.29
12	275.27
12	275.17
12	275.16
12	275.29
12	275.27
12	275.16
12	274.87
12	274.77
12	275.45
12	276.22
12	277.19
12	278.02
12	278.53
12	278.98
12	279.02
12	278.48
12	277.71
12	277.25
12	276.57
12	276.15
12	275.85
12	275.62
12	275.47
12	275.23
12	275.22
12	275.06
12	275.05
12	274.92
12	274.87
12	274.85
12	274.69
12	274.55
12	274.84
12	275.62
12	276.59
12	277.23
12	277.88
12	278.28
12	278.51
12	277.97
12	277.45
12	277.04
12	276.83
12	276.52
12	276.25
12	276.54
12	276.59
12	276.63
12	276.48
12	276.51
12	276.66
12	276.51
12	276.27
12	276.02
12	275.98
12	275.88
12	275.78
12	276.15
12	276.75
12	277.41
12	278.06
12	278.49
12	278.71
12	278.44
12	277.79
12	277.25
12	276.83
12	276.72
12	276.61
12	276.58
12	276.54
12	276.46
12	276.37
12	276.33
12	276.33
12	276.51
12	276.41
12	276.22
12	276.16
12	276.22
12	276.69
12	277.61
12	278.69
12	279.61
12	280.41
12	280.73
12	280.46
12	279.87
12	279.51
12	279.11
12	279.12
12	278.82
12	278.75
12	278.53
12	278.61
12	278.72
12	278.99
12	279.09
12	279.23
12	278.99
12	278.95
12	278.94
12	278.75
12	278.51
12	278.76
12	279.76
12	280.76
12	281.91
12	282.48
12	282.75
12	282.48
12	281.97
12	281.14
12	280.32
12	279.57
12	278.92
12	278.54
12	278.45
12	278.37
12	278.26
12	278.11
12	278.02
12	277.77
12	277.45
12	277.28
12	277.08
12	276.99
12	276.87
12	277.11
12	277.95
12	279.33
12	280.35
12	281.16
12	281.58
12	281.58
12	281.32
12	280.74
12	279.77
12	279.24
12	278.72
12	278.44
12	277.95
12	277.89
12	277.68
12	277.37
12	277.22
12	277.27
12	277.84
12	277.92
12	278.11
12	277.95
12	278.02
12	277.73
12	278.25
12	279.17
12	279.71
12	279.77
12	279.85
12	279.85
12	279.43
12	278.55
12	277.89
12	277.38
12	276.71
12	276.12
12	275.62
12	275.17
12	274.75
12	274.36
12	274.07
12	273.77
12	273.58
12	273.51
12	273.43
12	273.31
12	273.65
12	274.28
12	275.38
12	276.65
12	277.76
12	278.48
12	278.91
12	278.76
12	278.13
12	277.31
12	276.71
12	276.37
12	276.04
12	275.82
12	275.43
12	275.14
12	274.95
12	274.81
12	274.72
12	274.84
12	274.59
12	274.27
12	274.06
12	274.07
12	274.12
12	274.12
12	275.07
12	276.24
12	277.17
12	278.05
12	278.34
12	278.45
12	277.94
12	277.28
12	276.49
12	275.79
12	275.35
12	275.08
12	274.89
12	274.34
12	274.01
12	273.94
12	273.77
12	273.56
12	273.47
12	273.39
12	273.42
12	273.19
12	273.02
12	273.01
12	273.69
12	274.76
12	275.62
12	276.37
12	277.17
12	277.19
12	276.55
12	275.56
12	274.97
12	274.38
12	274.21
12	273.85
12	273.57
12	273.32
12	273.15
12	272.98
12	272.59
12	272.39
12	272.36
12	272.21
12	272.11
12	271.87
12	271.65
12	271.77
12	272.62
12	273.75
12	274.99
12	275.55
12	275.84
12	275.92
12	275.59
12	275.13
12	274.82
12	274.67
12	274.75
12	274.64
12	274.82
12	274.79
12	274.65
12	274.45
12	274.05
12	273.89
12	273.66
12	273.45
12	273.47
12	273.51
12	273.47
12	273.59
12	274.08
12	274.98
12	275.87
12	276.18
12	276.55
12	276.72
12	276.62
12	276.26
12	275.86
12	275.61
12	275.34
12	275.24
12	275.26
12	275.16
12	274.92
12	274.78
12	274.59
12	274.47
12	274.37
12	274.17
12	274.18
12	274.16
12	274.09
12	274.47
12	275.31
12	276.23
12	277.17
12	278.07
12	278.66
12	278.66
12	278.08
12	277.23
12	276.37
12	275.81
12	275.43
12	275.54
12	275.46
12	275.19
12	275.08